	AreaRatio	norm_SoilWatVol
0	1.0	0.9992460792261175
1	0.999793091556986	0.9984954550782283
2	0.9990459221794356	0.9977483761623093
3	0.9965975056037704	0.9970059579732089
4	0.9911489166044025	0.9962696023518498
5	0.9824702569113167	0.9955408821308238
6	0.971734007701592	0.9948221223587829
7	0.9599057417092937	0.9941154311414339
8	0.9447899304557733	0.993421580579924
9	0.9286970515546871	0.9927409413077799
10	0.9113972067360193	0.9920741093653087
11	0.8946376228518881	0.991421316468045
12	0.8774757169952296	0.9907825692968121
13	0.8604632450140812	0.990157767652031
14	0.8448531524800276	0.9895470510205764
15	0.8293809989079832	0.9889504315411975
16	0.8145985401459854	0.9883670478524269
17	0.7998160813839876	0.9877962757295214
18	0.7858037818265418	0.9872377245376311
19	0.7723432381171331	0.9866909835504586
20	0.7592965112937525	0.9861556062178646
21	0.7469164894534168	0.9856315110457904
22	0.7342031151215587	0.9851182127482662
23	0.7229266049772975	0.984615132098011
24	0.711466176217024	0.9841220162141061
25	0.7003620897752745	0.9836384374110244
26	0.6892580033335249	0.9831640491148226
27	0.6782918558537847	0.982698589724939
28	0.6682567963676074	0.9822417871914096
29	0.6590608655669866	0.9817934119562237
30	0.649244209437324	0.9813531952576471
31	0.6396344617506753	0.9809209699465683
32	0.6301051784585321	0.9804963768503546
33	0.6202655325018679	0.9800792520333561
34	0.6122880625323295	0.9796694855879875
35	0.6039887349847692	0.9792668754894218
36	0.595689407437209	0.9788710226391867
37	0.5880682797861946	0.9784817749464264
38	0.5804356572216794	0.9780989489958224
39	0.5719294212311052	0.9777224473153038
40	0.5643657681475946	0.9773520629457381
41	0.5574113454796252	0.9769875382898864
42	0.5493074314615782	0.9766287686905375
43	0.5418702224265762	0.9762755639145905
44	0.5351342031151216	0.975927722467234
45	0.5282487499281567	0.975585223247521
46	0.5213288120006897	0.9752479548243649
47	0.5142824300247141	0.9749157189375655
48	0.5080177021667912	0.9745883107672368
49	0.5009023507098109	0.9742656543357798
50	0.4941318466578539	0.9739475646848081
51	0.4872463934708891	0.9736339952280887
52	0.48054485889993676	0.9733248189170661
53	0.4745560089660325	0.9730199345703215
54	0.46755560664406	0.9727192509330542
55	0.4582102419679292	0.9724227111767547
56	0.4477498706822231	0.9721302203009105
57	0.4428415426173918	0.9718416724565446
58	0.43371458129777574	0.9715569137906453
59	0.4291511006379677	0.9712758661707354
60	0.4241278234381286	0.9709984136131813
61	0.4198172308753377	0.9707244843681703
62	0.414414621529973	0.9704540204655341
63	0.40936835450313236	0.9701869284732475
64	0.40421863325478474	0.9699231912561076
65	0.399540203459969	0.9696626641259548
66	0.3951836312431749	0.9694052553520526
67	0.3895166388872924	0.9691509490832675
68	0.37945858957411344	0.9688996830787333
69	0.3746307259037876	0.9686514108454771
70	0.3704350824760044	0.9684060406290225
71	0.3619748261394333	0.968163519725948
72	0.35731938617161907	0.9679237645385932
73	0.35273291568480947	0.9676867069741918
74	0.34946836025058914	0.9674522478510119
75	0.3409391344330134	0.9672203746052143
76	0.3353526064716363	0.9669910343593197
77	0.33067417667682053	0.9667642095537348
78	0.3279613770906374	0.9665398245915358
79	0.3232139778148169	0.966317882673966
80	0.31982297833208806	0.9660983036937169
81	0.31399505718719467	0.9658810312562895
82	0.3114087016495201	0.9656660059990619
83	0.30609805161216164	0.9654532710160052
84	0.30055750330478764	0.9652426952470053
85	0.2964078395310075	0.9650342453052482
86	0.2921547215357204	0.964827942822368
87	0.27238347031438587	0.9646237042745714
88	0.2690384504856601	0.9644215713169472
89	0.2659348238404506	0.964221474041565
90	0.25885395712397263	0.9640233425491733
91	0.25679636760733376	0.9638271780300508
92	0.2547387780906949	0.963632906640619
93	0.2510144261164435	0.9634404804002672
94	0.24708316569917813	0.9632498332943811
95	0.24386458991896087	0.9630609693508752
96	0.22144950859244783	0.9628738633816976
97	0.21967929191332836	0.962688452677414
98	0.21616184838209093	0.9625047310118839
99	0.20731076498649348	0.9623226742014331
100	0.20471291453531812	0.9621422179292572
101	0.20258635553767457	0.9619633643248353
102	0.19982757629748837	0.9617860648375156
103	0.19865509512040921	0.9616103328649654
104	0.18995344560032185	0.9614361251074749
105	0.18833266279671246	0.9612634568518578
106	0.186252083453072	0.96109227094918
107	0.1832519110293695	0.9609225512485221
108	0.18022874877866543	0.960754274345439
109	0.17620552905339387	0.9605874148064134
110	0.1749985631358124	0.9604219669519114
111	0.16700959825277314	0.9602579139456394
112	0.14964078395310076	0.9600952051774977
113	0.1470429335019254	0.9599338428164544
114	0.14561756422782918	0.9597738026887062
115	0.14467498132076556	0.9596150390410562
116	0.14397379159721824	0.9594575717362912
117	0.14213460543709408	0.9593013509237365
118	0.14010000574745676	0.9591463610889736
119	0.13908845335938846	0.958992596428909
120	0.13595034197367664	0.9588400144103101
121	0.13508822346111846	0.9586886260324375
122	0.1334329559170067	0.958538425098217
123	0.13268578653945629	0.9583893818927641
124	0.13127191217886086	0.9582414491304435
125	0.13036381401229954	0.9580946439704944
126	0.11938617161905857	0.9579489450127296
127	0.11866199206850968	0.957804362438326
128	0.11497212483476062	0.9576608416774295
129	0.11376515891717914	0.9575184120465652
130	0.11302948445312949	0.9573770183196701
131	0.11147767113052474	0.9572366451657842
132	0.1071096040002299	0.9570972871493665
133	0.1054888211966205	0.9569589325158051
134	0.1027185470429335	0.9568215704574441
135	0.10112075406632565	0.9566851892504747
136	0.10021265589976436	0.9565498028381698
137	0.092177711362722	0.9564153635024979
138	0.09140755215817001	0.956281887536011
139	0.09057991838611415	0.956149355803202
140	0.08890166101500087	0.9560177573446411
141	0.08632680039082706	0.9558871022068037
142	0.08561411575377895	0.9557573438960518
143	0.08447611931720214	0.9556285059697529
144	0.08415426173918042	0.9555005329829948
145	0.08353353641013851	0.9553734217593305
146	0.0830622449566067	0.9552471796694012
147	0.08224610609805161	0.9551217723253158
148	0.08068279786194608	0.9549971962029573
149	0.07968274038737859	0.9548734394394486
150	0.07931490315535375	0.9547505051210085
151	0.07732628311971952	0.954628372390827
152	0.07526869360308064	0.9545070318362342
153	0.07410770733950227	0.9543864847577606
154	0.07361342605896891	0.9542667227756142
155	0.07322259899994253	0.9541477079056877
156	0.072325995746882	0.9540294450163375
157	0.07165929076383701	0.9539119381731793
158	0.07123397896430829	0.9537951840434481
159	0.07102707052129432	0.9536791812226587
160	0.06980860969021208	0.9535639075155962
161	0.06957871142019656	0.9534493748662437
162	0.06927984366917639	0.953335546581095
163	0.0687510776481407	0.9532224317888414
164	0.06833726076211276	0.9531100269533188
165	0.06810736249209724	0.9529983161013947
166	0.06792344387608483	0.9528872830151405
167	0.06298063107075119	0.9527769398053376
168	0.06257830909822404	0.9526672691006269
169	0.062348410828208516	0.9525582760838283
170	0.06139433300764412	0.9524499565327453
171	0.060888556813609974	0.9523422706485564
172	0.04394505431346629	0.952235227142251
173	0.04304845106040577	0.9521288031725641
174	0.04294499683889879	0.9520229883415255
175	0.042772573136387146	0.9519177884287201
176	0.04257715960687396	0.9518131841205724
177	0.04112880050577619	0.9517091717553339
178	0.040875912408759124	0.9516057394858213
179	0.03920914995114662	0.9515028976223162
180	0.03904822116213576	0.9514006527778603
181	0.03892177711362722	0.9512989921379109
182	0.03879533306511868	0.9511979029149079
183	0.03851945514110006	0.9510973862565469
184	0.03753089258003334	0.9509974092198686
185	0.037427438358526355	0.9508979750045834
186	0.03725501465601471	0.9507990813137012
187	0.0371170756940054	0.9507007300428452
188	0.03697913673199609	0.950602902132362
189	0.036887177423989885	0.9505056123700775
190	0.036484855451462725	0.9504088588604965
191	0.03638140122995574	0.950312649639332
192	0.03601356399793092	0.9502169614660715
193	0.035772170814414625	0.9501218058178911
194	0.03548479797689522	0.9500271748302572
195	0.035369848841887465	0.9499330581647989
196	0.03499051669636186	0.9498394700772604
197	0.03266854416920513	0.9497463965821202
198	0.032576584861198916	0.9496538253690145
199	0.03248462555319271	0.9495617592898045
200	0.032392666245186504	0.9494701981925027
201	0.0323466865911834	0.9493791012465637
202	0.03228921202367952	0.949288471584487
203	0.03202482901316168	0.9491983188814566
204	0.03155353755962986	0.9491086270348111
205	0.031093741019598827	0.949019413011875
206	0.031036266452094948	0.9489306574175034
207	0.030794873268578653	0.948842343545717
208	0.030679924133570895	0.9487544779401381
209	0.03038105638255072	0.9486670562829382
210	0.029921259842519685	0.9485800666567001
211	0.029817805621012702	0.9484934906689835
212	0.029702856486004944	0.9484073467406079
213	0.02962239209149951	0.9483216205432375
214	0.02850738548192425	0.9482362977701466
215	0.028403931260417264	0.9481513989727586
216	0.028346456692913385	0.9480668946218013
217	0.0281970228174033	0.947982804437472
218	0.025599172366227944	0.9478991221257127
219	0.025254324961204666	0.9478158417098643
220	0.025173860566699235	0.9477329434652748
221	0.024645094545663545	0.9476504254173174
222	0.02426576240013794	0.9475682976307324
223	0.023288694752571986	0.9474865612464618
224	0.02319673544456578	0.947405220967749
225	0.023104776136559573	0.947324263530275
226	0.023024311742054143	0.9472437031205357
227	0.021323064543939306	0.9471635230316846
228	0.0212311052359331	0.9470837206199927
229	0.02115064084142767	0.9470042894335203
230	0.02109316627392379	0.9469252337478062
231	0.02100120696591758	0.9468465577961105
232	0.020932237484912925	0.9467682506053482
233	0.02086326800390827	0.9466902961952032
234	0.020817288349905167	0.9466127006310149
235	0.02078280360940284	0.9465354644338595
236	0.02057589516638887	0.9464585765686101
237	0.02047244094488189	0.946382018780378
238	0.02033450198287258	0.9463058033185849
239	0.020150583366860163	0.9462299238514751
240	0.02010460371285706	0.9461543904132357
241	0.020035634231852405	0.9460791898710268
242	0.019978159664348526	0.9460043434888522
243	0.01979424104833611	0.945929827486898
244	0.019667796999827576	0.9458556478500633
245	0.01735731938617162	0.945781782938566
246	0.01729984481866774	0.9457082344386873
247	0.017150410943157654	0.9456350083620421
248	0.017138916029656878	0.9455620856665385
249	0.017115926202655327	0.9454894756060064
250	0.017081441462152996	0.9454171742588797
251	0.01704695672165067	0.9453451758571967
252	0.016977987240646013	0.9452734863462142
253	0.016897522846140583	0.9452020881173708
254	0.01685154319213748	0.9451309877494197
255	0.016828553365135928	0.9450601850971361
256	0.016759583884131273	0.9449896741996985
257	0.016518190700614978	0.9449194572210237
258	0.016472211046611875	0.9448495320348936
259	0.016449221219610323	0.9447798936113974
260	0.01634576699810334	0.9447105289024742
261	0.01631128225760101	0.9446414316959512
262	0.0161733432955917	0.9445726287033711
263	0.016046899247083166	0.9445040997251652
264	0.01601241450658084	0.9444358559886215
265	0.015690556928559113	0.9443679034866918
266	0.015575607793551353	0.9443002170144064
267	0.015541123053049026	0.944232807792702
268	0.015506638312546698	0.9441656759204874
269	0.015495143399045922	0.94409882123869
270	0.01544916374504282	0.944032226005644
271	0.01541467900454049	0.9439658919591729
272	0.01533421461003506	0.943899820842722
273	0.01527674004253118	0.9438340136579961
274	0.015184780734524972	0.9437684446478039
275	0.015104316340019542	0.9437031389840366
276	0.01502385194551411	0.9436380934401224
277	0.014931892637507903	0.9435733111155783
278	0.014931892637507903	0.9435087835002735
279	0.014908902810506351	0.9434444977296355
280	0.014874418070004024	0.9433804649242307
281	0.014862923156503248	0.943316661436805
282	0.014862923156503248	0.943253100161884
283	0.014851428243002472	0.9431897799297722
284	0.014793953675498591	0.9431267120123199
285	0.014656014713489282	0.9430638793329438
286	0.014529570664980746	0.9430012914966031
287	0.014483591010977643	0.9429389401200546
288	0.014472096097476867	0.9428768357982873
289	0.01387436059543652	0.9428149689707445
290	0.013828380941433415	0.9427533445214242
291	0.01300074716937755	0.942691960144522
292	0.012977757342375999	0.9426308036566717
293	0.012966262428875223	0.9425698739234607
294	0.012966262428875223	0.9425091683879323
295	0.01292028277487212	0.9424486853113221
296	0.012862808207368239	0.9423884152297889
297	0.012851313293867463	0.9423283524126596
298	0.012793838726363584	0.9422685015496667
299	0.012713374331858153	0.9422088713487633
300	0.01260992011035117	0.9421494586505934
301	0.012563940456348066	0.942090266604775
302	0.012540950629346514	0.9420312891250495
303	0.012494970975343411	0.9419725336676721
304	0.012219093051324788	0.9419139939933033
305	0.012173113397321685	0.9418556719900735
306	0.012138628656819358	0.9417975587327606
307	0.012127133743318582	0.9417396619951791
308	0.01210414391631703	0.9416819782099308
309	0.01210414391631703	0.9416245061754822
310	0.01204666934881315	0.9415672449189809
311	0.012012184608310822	0.9415101955687384
312	0.011977699867808495	0.9414533548074999
313	0.011954710040806943	0.9413967169274492
314	0.011954710040806943	0.9413402751126382
315	0.011943215127306167	0.9412840274083217
316	0.01190873038680384	0.9412279752917714
317	0.011885740559802287	0.9411721113579534
318	0.011862750732800735	0.9411164392052548
319	0.011828265992298408	0.9410609499683873
320	0.011805276165296856	0.9410056473059859
321	0.011805276165296856	0.9409505330347716
322	0.011759296511293753	0.9408956019609562
323	0.011644347376285993	0.9408408521585359
324	0.011609862635783666	0.9407862800628292
325	0.01159836772228289	0.9407318866797245
326	0.011586872808782114	0.9406776823128864
327	0.011575377895281338	0.940623656482139
328	0.011552388068279787	0.9405697979295969
329	0.011552388068279787	0.9405161198524797
330	0.011494913500775906	0.9404626160642576
331	0.011494913500775906	0.9404092787451447
332	0.011437438933272027	0.9403561044826426
333	0.0114029541927697	0.9403030941362608
334	0.011391459279268924	0.9402502541855924
335	0.011379964365768148	0.940197583411166
336	0.011356974538766596	0.9401450816659689
337	0.011322489798264269	0.9400927512709298
338	0.011299499971262715	0.9400405944957876
339	0.011207540663256509	0.9399886138308431
340	0.011184550836254957	0.9399368079133669
341	0.011173055922754182	0.9398851797553122
342	0.01115006609575263	0.9398337240194438
343	0.011115581355250303	0.9397824342780954
344	0.011081096614747973	0.9397313092651206
345	0.011069601701247198	0.939680340563131
346	0.011058106787746422	0.939629533975422
347	0.011046611874245646	0.9395788897269046
348	0.011000632220242543	0.9395283973687412
349	0.010920167825737112	0.9394780616510044
350	0.010805218690729352	0.9394278713947559
351	0.010793723777228576	0.9393778322786294
352	0.010563825507213059	0.9393279427185856
353	0.010540835680211507	0.9392781982479882
354	0.010506350939709178	0.939228606816907
355	0.010460371285706075	0.9391791602375836
356	0.010448876372205299	0.9391298559936335
357	0.010402896718202196	0.9390806961867485
358	0.010379906891200644	0.9390316781985474
359	0.010379906891200644	0.9389828023308116
360	0.010356917064199092	0.9389340750160388
361	0.010322432323696765	0.9388854864900179
362	0.010322432323696765	0.9388370483344255
363	0.01027645266969366	0.9387887499421933
364	0.010253462842692108	0.938740597369317
365	0.010253462842692108	0.9386925861730001
366	0.010161503534685902	0.9386447152009703
367	0.010000574745675039	0.9385969763411122
368	0.009989079832174263	0.9385493803057067
369	0.009977584918673487	0.9385019151945108
370	0.009931605264670384	0.9384545933928471
371	0.009862635783665728	0.9384074073113299
372	0.009839645956664176	0.9383603568823364
373	0.009816656129662624	0.9383134420007097
374	0.009816656129662624	0.9382666536740271
375	0.009816656129662624	0.9382199868866499
376	0.009805161216161849	0.9381734443185217
377	0.009793666302661073	0.9381270285317388
378	0.009782171389160297	0.93808073990072
379	0.00974768664865797	0.9380345675914309
380	0.00971320190815564	0.9379885118310687
381	0.009667222254152537	0.9379425875901329
382	0.009644232427150986	0.9378967856496181
383	0.00963273751365021	0.9378511064067707
384	0.009609747686648658	0.9378055521865575
385	0.009609747686648658	0.9377601226297658
386	0.009356859589631589	0.9377148287195981
387	0.009356859589631589	0.9376696636824698
388	0.009333869762630035	0.9376246303572473
389	0.00932237484912926	0.9375797244330084
390	0.009299385022127708	0.9375349492696027
391	0.009299385022127708	0.937490299420108
392	0.009276395195126156	0.9374457703998954
393	0.009253405368124605	0.9374013661574737
394	0.009253405368124605	0.9373570952148412
395	0.009230415541123053	0.9373129577896053
396	0.009218920627622277	0.9372689402078055
397	0.00918443588711995	0.9372250463087501
398	0.009172940973619174	0.9371812670769767
399	0.009172940973619174	0.9371376034098186
400	0.009138456233116845	0.9370940533652721
401	0.009092476579113742	0.9370506116222209
402	0.00906948675211219	0.937007281828398
403	0.00906948675211219	0.9369640615021918
404	0.009046496925110638	0.9369209487621025
405	0.009000517271107535	0.9368779577385526
406	0.00898902235760676	0.9368350837419138
407	0.008966032530605208	0.9367923283352176
408	0.008954537617104432	0.9367496814726956
409	0.008954537617104432	0.9367071513770285
410	0.008943042703603656	0.9366647343556052
411	0.008897063049600551	0.936622436925932
412	0.008885568136099775	0.9365802549606921
413	0.008874073222599	0.9365381837267638
414	0.008874073222599	0.936496226344926
415	0.008862578309098224	0.9364543864741283
416	0.008828093568595896	0.9364126666542603
417	0.008828093568595896	0.9363710618336659
418	0.008793608828093569	0.9363295701430177
419	0.008793608828093569	0.9362881898631139
420	0.008770619001092017	0.9362469202583154
421	0.008724639347088912	0.9362057611416413
422	0.00867865969308581	0.9361647108568288
423	0.008655669866084258	0.9361237704621296
424	0.00862118512558193	0.9360829370086284
425	0.00862118512558193	0.936042204146831
426	0.00862118512558193	0.9360015725438342
427	0.008609690212081154	0.9359610368182482
428	0.008598195298580379	0.9359206058777176
429	0.008563710558078051	0.9358802763484807
430	0.008552215644577275	0.9358400453865853
431	0.008552215644577275	0.9357999235822834
432	0.008529225817575722	0.9357599069524618
433	0.008483246163572619	0.935719989147972
434	0.008471751250071843	0.9356801623956349
435	0.00842577159606874	0.9356404230828861
436	0.00836829702856486	0.9356007808717638
437	0.008322317374561756	0.9355612329067369
438	0.008276337720558653	0.9355217837423798
439	0.008264842807057877	0.9354824310640951
440	0.008253347893557101	0.9354431726395864
441	0.008253347893557101	0.935404004304301
442	0.008253347893557101	0.9353649297606672
443	0.008241852980056325	0.935325948040363
444	0.008241852980056325	0.9352870572172297
445	0.00823035806655555	0.9352482581172075
446	0.008218863153054774	0.9352095513629226
447	0.008207368239553998	0.9351709366072197
448	0.008207368239553998	0.9351324063254323
449	0.008000459796540032	0.935093961025616
450	0.00797746996953848	0.9350556027778496
451	0.007965975056037704	0.9350173310646602
452	0.00794298522903615	0.9349791525714845
453	0.00794298522903615	0.9349410671996529
454	0.007931490315535375	0.9349030762406751
455	0.007908500488533823	0.9348651794682752
456	0.007874015748031496	0.9348273667403983
457	0.007851025921029944	0.9347896507953024
458	0.007816541180527617	0.9347520341972431
459	0.007816541180527617	0.9347145148502527
460	0.007816541180527617	0.934677086387388
461	0.007816541180527617	0.934639748036031
462	0.007816541180527617	0.9346025005105
463	0.007816541180527617	0.9345653393049363
464	0.00780504626702684	0.9345282594096442
465	0.0077935513535260644	0.9344912652538837
466	0.007782056440025289	0.9344543579710539
467	0.007759066613023737	0.9344175361959938
468	0.007759066613023737	0.93438080506293
469	0.007759066613023737	0.934344161013127
470	0.007747571699522961	0.934307599879268
471	0.007736076786022185	0.9342711263896694
472	0.007736076786022185	0.9342347381314914
473	0.007736076786022185	0.9341984320024538
474	0.00772458187252141	0.9341622109798491
475	0.00772458187252141	0.9341260665744098
476	0.007701592045519857	0.9340899999336937
477	0.007701592045519857	0.9340540155664592
478	0.007690097132019081	0.9340181124584008
479	0.00766710730501753	0.9339822875103252
480	0.00766710730501753	0.9339465402476438
481	0.00766710730501753	0.9339108740885543
482	0.007655612391516754	0.9338752864492424
483	0.007644117478015978	0.9338397769084219
484	0.00760963273751365	0.9338043415848097
485	0.007598137824012874	0.9337689785552871
486	0.007586642910512098	0.933733692531043
487	0.007575147997011322	0.933698479004562
488	0.007563653083510547	0.9336633384780841
489	0.007563653083510547	0.9336282799071335
490	0.007540663256508995	0.9335932996999048
491	0.007529168343008219	0.9335583973420629
492	0.007529168343008219	0.9335235741812384
493	0.007529168343008219	0.9334888225776484
494	0.007529168343008219	0.9334541486259754
495	0.0075176734295074425	0.9334195520262092
496	0.007483188689005115	0.9333850302437072
497	0.007448703948502788	0.9333505780780627
498	0.007425714121501236	0.9333161978766094
499	0.007414219208000459	0.9332818884453545
500	0.007414219208000459	0.9332476521074476
501	0.007414219208000459	0.9332134914597019
502	0.007391229380998908	0.9331794010081917
503	0.007391229380998908	0.9331453844670733
504	0.007368239553997356	0.9331114374736361
505	0.00735674464049658	0.9330775575327481
506	0.007345249726995805	0.9330437476913226
507	0.007287775159491925	0.9330100116164574
508	0.007264785332490373	0.9329763426256088
509	0.0072417955054888215	0.9329427444722828
510	0.007230300591988046	0.9329092180513527
511	0.007195815851485717	0.9328757585086594
512	0.007195815851485717	0.9328423739956385
513	0.007172826024484166	0.9328090651154423
514	0.007138341283981838	0.9327758280205326
515	0.007115351456980286	0.9327426582590296
516	0.007115351456980286	0.9327095556781306
517	0.00710385654347951	0.9326765155734307
518	0.00710385654347951	0.9326435446277889
519	0.006977412494970975	0.9326106448910142
520	0.006954422667969424	0.9325778114411319
521	0.006942927754468648	0.9325450464653178
522	0.006942927754468648	0.9325123486311221
523	0.0069199379274670954	0.932479720337884
524	0.006896948100465544	0.932447157790948
525	0.006896948100465544	0.9324146657074148
526	0.006862463359963216	0.9323822447243924
527	0.006850968446462441	0.9323498910017439
528	0.006850968446462441	0.9323176025569119
529	0.006850968446462441	0.9322853798214049
530	0.006850968446462441	0.9322532244804762
531	0.006850968446462441	0.9322211340406474
532	0.006850968446462441	0.9321891137241717
533	0.006839473532961665	0.9321571650847298
534	0.006816483705960112	0.9321252823294335
535	0.006816483705960112	0.932093469316585
536	0.006816483705960112	0.9320617194065254
537	0.006816483705960112	0.9320300285884502
538	0.006816483705960112	0.9319984024420147
539	0.006793493878958561	0.931966840019478
540	0.006770504051957009	0.9319353441910749
541	0.006759009138456233	0.931903908827693
542	0.0067475142249554575	0.9318725285883657
543	0.006736019311454682	0.9318412117715883
544	0.006736019311454682	0.9318099584790737
545	0.006724524397953905	0.9317787680361728
546	0.006713029484453129	0.9317476330376656
547	0.006701534570952353	0.9317165558161143
548	0.006701534570952353	0.9316855439739332
549	0.006701534570952353	0.9316545931564382
550	0.006678544743950802	0.9316237013290674
551	0.006667049830450026	0.9315928681425358
552	0.00665555491694925	0.9315620909365534
553	0.00659808034944537	0.9315313734881651
554	0.006356687165929077	0.9315007189846899
555	0.006230243117420541	0.9314701257716493
556	0.006230243117420541	0.9314395918521975
557	0.0062072532904189895	0.9314091184808501
558	0.0062072532904189895	0.9313787048790856
559	0.006195758376918214	0.9313483503462848
560	0.006195758376918214	0.9313180546073154
561	0.006184263463417438	0.9312878195907655
562	0.006184263463417438	0.9312576428384612
563	0.006172768549916662	0.9312275281707291
564	0.006172768549916662	0.9311974738317826
565	0.006138283809414334	0.9311674737715281
566	0.006138283809414334	0.9311375295552926
567	0.006115293982412782	0.9311076445270634
568	0.006115293982412782	0.9310778152009648
569	0.006103799068912006	0.9310480428142177
570	0.006103799068912006	0.9310183243189561
571	0.0060923041554112305	0.9309886625927617
572	0.006080809241910455	0.9309590511527808
573	0.006080809241910455	0.9309294906913091
574	0.006080809241910455	0.9308999869035032
575	0.006080809241910455	0.9308705371870404
576	0.006080809241910455	0.9308411414379661
577	0.006046324501408127	0.9308118037259089
578	0.006046324501408127	0.9307825241298355
579	0.006034829587907351	0.9307532978953358
580	0.006034829587907351	0.9307241283549771
581	0.006011839760905799	0.9306950158634568
582	0.006011839760905799	0.9306659571343904
583	0.006000344847405023	0.9306369531334514
584	0.005988849933904247	0.93060800452513
585	0.005965860106902696	0.9305791095980956
586	0.005965860106902696	0.9305502674941005
587	0.005942870279901143	0.9305214761885416
588	0.005942870279901143	0.930492736724797
589	0.005942870279901143	0.9304640506162477
590	0.0059313753664003675	0.930435416324489
591	0.005919880452899592	0.9304068289301044
592	0.005908385539398816	0.930378287263473
593	0.005908385539398816	0.930349793010486
594	0.005908385539398816	0.930321347540636
595	0.005908385539398816	0.930292953524724
596	0.005885395712397264	0.9302646102106809
597	0.0058739007988964885	0.9302363142489837
598	0.0058739007988964885	0.9302080694723469
599	0.005850910971894937	0.930179877158353
600	0.00583941605839416	0.9301517312842544
601	0.005827921144893384	0.9301236348198059
602	0.005827921144893384	0.9300955878771541
603	0.005827921144893384	0.9300675930127064
604	0.005827921144893384	0.9300396435023447
605	0.005816426231392609	0.9300117437372472
606	0.005804931317891833	0.9299838963952554
607	0.005793436404391057	0.929956099150736
608	0.005781941490890281	0.9299283505227924
609	0.005621012701879418	0.9299006532954753
610	0.005609517788378642	0.9298730042004724
611	0.005598022874877867	0.9298454029672261
612	0.005598022874877867	0.9298178484258396
613	0.005586527961377091	0.9297903439591196
614	0.005586527961377091	0.9297628884235597
615	0.005586527961377091	0.9297354829999055
616	0.005575033047876315	0.9297081267398674
617	0.005575033047876315	0.9296808205352038
618	0.0055520432208747625	0.9296535625152463
619	0.0055520432208747625	0.9296263552576689
620	0.0055520432208747625	0.9295991920808947
621	0.005310650037358469	0.9295720759456384
622	0.005299155123857693	0.9295450056345238
623	0.005299155123857693	0.9295179825286102
624	0.005299155123857693	0.929491007607139
625	0.005299155123857693	0.9294640783815681
626	0.005287660210356917	0.9294371989490027
627	0.005287660210356917	0.9294103680307471
628	0.005287660210356917	0.9293835813137657
629	0.005287660210356917	0.9293568416114657
630	0.005276165296856141	0.9293301441426927
631	0.005184205988849934	0.9293034871395832
632	0.005184205988849934	0.929276872653921
633	0.0051612161618483825	0.929250302176684
634	0.0051612161618483825	0.9292237756286519
635	0.005149721248347606	0.9291972945499999
636	0.005149721248347606	0.9291708564028861
637	0.005149721248347606	0.9291444636558663
638	0.005149721248347606	0.9291181101994598
639	0.005115236507845278	0.9290918044890083
640	0.005103741594344503	0.9290655418824223
641	0.005103741594344503	0.9290393215347666
642	0.005103741594344503	0.9290131464127549
643	0.005103741594344503	0.9289870153345897
644	0.005080751767342951	0.9289609289898835
645	0.0050577619403413985	0.9289348879601184
646	0.005046267026840623	0.9289088893182536
647	0.005046267026840623	0.9288829334127455
648	0.005046267026840623	0.9288570223247079
649	0.005034772113339847	0.9288311506708723
650	0.005023277199839071	0.9288053228597741
651	0.005011782286338295	0.9287795343726554
652	0.005011782286338295	0.9287537914495837
653	0.005011782286338295	0.9287280902278544
654	0.004988792459336744	0.9287024321607323
655	0.004977297545835968	0.9286768139758594
656	0.004977297545835968	0.9286512356477087
657	0.004977297545835968	0.9286256958253822
658	0.004977297545835968	0.9286001938495946
659	0.004977297545835968	0.9285747271320692
660	0.004977297545835968	0.9285492987576145
661	0.004977297545835968	0.9285239107826516
662	0.004977297545835968	0.928498564055648
663	0.004977297545835968	0.9284732572228177
664	0.004965802632335192	0.9284479897574826
665	0.004954307718834415	0.9284227607787249
666	0.00494281280533364	0.9283975702212408
667	0.004931317891832864	0.9283724176334611
668	0.004919822978332088	0.9283473034265626
669	0.004908328064831312	0.9283222284232856
670	0.004908328064831312	0.9282971929101277
671	0.004908328064831312	0.9282721934110367
672	0.004908328064831312	0.9282472319997404
673	0.004908328064831312	0.9282223066457318
674	0.004908328064831312	0.9281974181813608
675	0.004908328064831312	0.9281725675090309
676	0.004896833151330536	0.928147754158321
677	0.004896833151330536	0.9281229787464637
678	0.004885338237829761	0.9280982413192438
679	0.004873843324328985	0.9280735446654579
680	0.004862348410828208	0.9280488850985767
681	0.004862348410828208	0.9280242617456881
682	0.004850853497327432	0.9279996740242235
683	0.004850853497327432	0.9279751211279931
684	0.004850853497327432	0.9279506033175445
685	0.0048393585838266565	0.9279261200353993
686	0.004827863670325881	0.9279016751451674
687	0.004816368756825105	0.9278772682347515
688	0.004793378929823553	0.9278528967359166
689	0.004770389102822002	0.9278285620272196
690	0.004770389102822002	0.9278042639666015
691	0.004770389102822002	0.9277800021395693
692	0.004770389102822002	0.9277557784578799
693	0.004770389102822002	0.9277315919617517
694	0.004758894189321225	0.9277074430090786
695	0.004758894189321225	0.9276833286795358
696	0.004747399275820449	0.9276592496442889
697	0.004747399275820449	0.9276352017713304
698	0.004747399275820449	0.927611188441273
699	0.004747399275820449	0.9275872084192855
700	0.004724409448818898	0.9275632608916429
701	0.004724409448818898	0.9275393503382336
702	0.004724409448818898	0.9275154769218699
703	0.004724409448818898	0.9274916387821358
704	0.004724409448818898	0.9274678363851726
705	0.004724409448818898	0.9274440668610001
706	0.004724409448818898	0.9274203332983815
707	0.004724409448818898	0.9273966354429711
708	0.004586470486809587	0.9273729714268897
709	0.004586470486809587	0.9273493409024816
710	0.004586470486809587	0.9273257450273497
711	0.0045060060923041555	0.9273021836587876
712	0.0045060060923041555	0.9272786495728437
713	0.004483016265302604	0.9272551518220131
714	0.004483016265302604	0.9272316863051872
715	0.004483016265302604	0.9272082571877635
716	0.004483016265302604	0.9271848636396958
717	0.004483016265302604	0.92716150579738
718	0.0044600264383010515	0.92713817931239
719	0.004448531524800276	0.9271148854144755
720	0.004448531524800276	0.9270916258196513
721	0.004414046784297948	0.9269522868414145
722	0.004414046784297948	0.9268142062887301
723	0.004391056957296397	0.9266772970421948
724	0.004356572216794068	0.9265414969904097
725	0.004356572216794068	0.926406755820587
726	0.004310592562790965	0.9262730735864172
727	0.00393126041726536	0.92614048468776
728	0.0038737858497614806	0.9260090560578186
729	0.003862290936260705	0.9258786434133341
730	0.0038393011092591528	0.9257492208341659
731	0.003816311282257601	0.9256208022019797
732	0.0037818265417552733	0.9254933498106326
733	0.0037703316282544975	0.9253669306743868
734	0.0037588367147537213	0.9252414688461141
735	0.003724351974251394	0.925116945246043
736	0.003724351974251394	0.924993377778979
737	0.003701362147249842	0.9248707177940139
738	0.003701362147249842	0.9247489815848259
739	0.0036668774067475144	0.924628144294054
740	0.0036438875797459623	0.9245082184750797
741	0.0036438875797459623	0.9243891775756876
742	0.0036323926662451865	0.9242710298847835
743	0.0036208977527444107	0.9241537582411259
744	0.0036094028392436345	0.9240373975948445
745	0.003436979136731996	0.9239219562777329
746	0.003413989309730444	0.9238073179586962
747	0.0034024943962296683	0.9236935353404533
748	0.0033795045692281167	0.923580548798417
749	0.003368009655727341	0.9234684720812255
750	0.003345019828725789	0.9233570258480315
751	0.003310535088223461	0.9232464593028418
752	0.0032415656072188057	0.9231365673985394
753	0.00323007069371803	0.9230273665246654
754	0.0031840910397149262	0.9229188885633869
755	0.0031496062992125984	0.9228110850508499
756	0.0031266164722110468	0.9227039819578384
757	0.0031266164722110468	0.9225976317754734
758	0.0031151215587102705	0.9224920986773193
759	0.0031151215587102705	0.9223871934424485
760	0.003057646991206391	0.9222829725512897
761	0.0030461520777056153	0.9221794516611268
762	0.0030461520777056153	0.9220766518523698
763	0.0030231622507040637	0.92197452523656
764	0.0030231622507040637	0.9218730162616922
765	0.0030231622507040637	0.921772146428478
766	0.0030116673372032874	0.9216719669447749
767	0.0030001724237025116	0.9215724533646971
768	0.002988677510201736	0.92147356981515
769	0.0029082131156963043	0.921375337193423
770	0.0028967182021955285	0.9212776695177772
771	0.0028622334616932006	0.9211805549333894
772	0.002850738548192425	0.9210839695864931
773	0.002804758894189321	0.9209879247004663
774	0.002804758894189321	0.920892373955629
775	0.0027817690671877696	0.9207973666955281
776	0.0027817690671877696	0.9207029408202063
777	0.0027817690671877696	0.9206090913203905
778	0.0027702741536869933	0.9205157677654519
779	0.0027587792401862175	0.9204229608639916
780	0.002701304672682338	0.9203306320783756
781	0.002597850451175355	0.9202388038803273
782	0.002597850451175355	0.9201474675584513
783	0.002586355537674579	0.9200566616292873
784	0.002563365710673027	0.9199663945966378
785	0.0025518707971722513	0.919876654039155
786	0.0025288809701706993	0.9197873762927234
787	0.002494396229668372	0.9196986234550297
788	0.00247140640266682	0.9196103957848825
789	0.002448416575665268	0.9195227170437844
790	0.0024369216621644924	0.9194355437636704
791	0.0024369216621644924	0.9193488466470344
792	0.0024369216621644924	0.9192626309380003
793	0.002425426748663716	0.9191769060344174
794	0.0024024369216621645	0.9190916356603558
795	0.0024024369216621645	0.9190068091721009
796	0.0023909420081613887	0.9189224328758773
797	0.002344962354158285	0.9188385059050055
798	0.002344962354158285	0.9187549839096967
799	0.002333467440657509	0.9186719041595816
800	0.002321972527156733	0.91858927492529
801	0.002321972527156733	0.9185070736330863
802	0.002321972527156733	0.9184252885774447
803	0.0023104776136559572	0.9183439568332165
804	0.0022989827001551814	0.9182630872624971
805	0.0022989827001551814	0.9181826399564077
806	0.0022989827001551814	0.9181025755673479
807	0.0022989827001551814	0.9180229196062425
808	0.0022874877866544056	0.9179437013767082
809	0.0022874877866544056	0.917864900356577
810	0.0022759928731536294	0.9177864760887225
811	0.0022759928731536294	0.9177084489256985
812	0.0022530030461520778	0.917630814306611
813	0.002241508132651302	0.9175535648648533
814	0.002241508132651302	0.9174767106397089
815	0.002092074257141215	0.9174002163880612
816	0.002080579343640439	0.9173240709956569
817	0.002069084430139663	0.9172483325048528
818	0.0020460946031381115	0.9171729432257384
819	0.0020345996896373353	0.9170979259331389
820	0.0020231047761365595	0.9170233012980188
821	0.0020116098626357837	0.9169489928273715
822	0.0020116098626357837	0.916875025547319
823	0.0020116098626357837	0.9168014249303456
824	0.002000114949135008	0.9167281800109692
825	0.0019886200356342316	0.9166552703657327
826	0.0019886200356342316	0.9165827252719208
827	0.00196563020863268	0.916510537883724
828	0.00196563020863268	0.9164386793254662
829	0.00196563020863268	0.916367162788362
830	0.00196563020863268	0.9162959623642553
831	0.0019426403816311282	0.9162250731945024
832	0.0019311454681303524	0.9161544893593415
833	0.0019196505546295764	0.9160842436953273
834	0.0019196505546295764	0.916014299600059
835	0.0019196505546295764	0.915944648020883
836	0.0019196505546295764	0.9158752842823948
837	0.0019196505546295764	0.9158061943496446
838	0.0019196505546295764	0.9157373622940279
839	0.0019081556411288006	0.9156687863450418
840	0.0018966607276280246	0.9156004782476715
841	0.0018966607276280246	0.9155324212431766
842	0.0018966607276280246	0.9154647274085599
843	0.0018966607276280246	0.9153973383893547
844	0.0018736709006264727	0.9153302317997619
845	0.001862175987125697	0.9152633881614672
846	0.001850681073624921	0.9151968248268606
847	0.001850681073624921	0.9151305341239887
848	0.001850681073624921	0.9150645221669691
849	0.001850681073624921	0.9149987703298768
850	0.001839186160124145	0.9149332815111413
851	0.001839186160124145	0.9148680713531679
852	0.001827691246623369	0.9148031273734248
853	0.001827691246623369	0.9147384612748871
854	0.001827691246623369	0.9146740480112335
855	0.001827691246623369	0.9146098935000639
856	0.001827691246623369	0.9145459953147717
857	0.0018161963331225933	0.9144823602522919
858	0.0018161963331225933	0.9144189601838338
859	0.0018047014196218172	0.9143557961327735
860	0.0018047014196218172	0.9142928935143677
861	0.0017932065061210414	0.9142302563822399
862	0.0017817115926202656	0.914167874480661
863	0.0017817115926202656	0.9141057517531355
864	0.0017702166791194896	0.9140438682500953
865	0.0017702166791194896	0.9139822097350361
866	0.0017587217656187138	0.9139207889363112
867	0.0017587217656187138	0.9138596027912251
868	0.0017472268521179378	0.9137986509995724
869	0.001724237025116386	0.913737914431995
870	0.0017127421116156102	0.9136773768069093
871	0.0017127421116156102	0.9136171380672646
872	0.0017127421116156102	0.9135570299308955
873	0.0017012471981148341	0.9134972067703346
874	0.0016897522846140583	0.9134375759214891
875	0.0016667624576125065	0.9133782002639571
876	0.0016667624576125065	0.9133190261449621
877	0.0016667624576125065	0.9132600693948222
878	0.0016667624576125065	0.9132013077076188
879	0.0016552675441117305	0.9131427717333793
880	0.0016552675441117305	0.9130844371498126
881	0.0016552675441117305	0.9130263151315506
882	0.0016552675441117305	0.9129684289294918
883	0.0016322777171101787	0.9129107702123542
884	0.0016207828036094028	0.9128533125950148
885	0.0016207828036094028	0.9127960381629387
886	0.0016207828036094028	0.9127389702900836
887	0.0016207828036094028	0.9126820858152019
888	0.0016207828036094028	0.9126253956759434
889	0.0016207828036094028	0.9125688982628517
890	0.0016207828036094028	0.9125125874711612
891	0.001609287890108627	0.9124564543923288
892	0.001597792976607851	0.9124005055007985
893	0.001597792976607851	0.9123447327139749
894	0.001597792976607851	0.9122891350709197
895	0.001597792976607851	0.9122337154218777
896	0.001597792976607851	0.9121784918982192
897	0.001597792976607851	0.9121234529738328
898	0.001597792976607851	0.9120685917611441
899	0.001597792976607851	0.9120138984694113
900	0.001597792976607851	0.9119593665842405
901	0.001597792976607851	0.9119050106850289
902	0.001597792976607851	0.911850821598369
903	0.001597792976607851	0.9117967976850074
904	0.001597792976607851	0.9117429320196567
905	0.0015862980631070752	0.9116892190911909
906	0.0015748031496062992	0.9116356846948758
907	0.0015748031496062992	0.9115823107361436
908	0.0015748031496062992	0.9115291249011837
909	0.0015633082361055234	0.9114761111793496
910	0.0015633082361055234	0.9114232690364351
911	0.0015518133226047474	0.9113705907767012
912	0.0015518133226047474	0.9113180939140975
913	0.0015518133226047474	0.9112658017346266
914	0.0015518133226047474	0.911213669775923
915	0.0015518133226047474	0.9111616929227834
916	0.0015288234956031955	0.9111098881818205
917	0.0015288234956031955	0.9110582605991986
918	0.0015288234956031955	0.9110068105917805
919	0.0015288234956031955	0.9109555287542399
920	0.0015288234956031955	0.9109043895459603
921	0.0015288234956031955	0.9108534322541211
922	0.0015288234956031955	0.9108026309128338
923	0.0015288234956031955	0.9107519876296277
924	0.0015288234956031955	0.9107014900445911
925	0.0015173285821024197	0.9106511616784385
926	0.0015058336686016437	0.9106009694053224
927	0.0014828438416000919	0.9105509425604502
928	0.0014828438416000919	0.9105010659342018
929	0.0014828438416000919	0.910451330284439
930	0.0014828438416000919	0.9104017444343531
931	0.001471348928099316	0.9103523091997586
932	0.00145985401459854	0.9103030199515637
933	0.00145985401459854	0.9102538670981162
934	0.00145985401459854	0.9102048626326131
935	0.00145985401459854	0.9101560028955662
936	0.00145985401459854	0.9101072879002228
937	0.0014368641875969882	0.9100587039376073
938	0.0014368641875969882	0.9100102660356802
939	0.0014368641875969882	0.9099619804116512
940	0.0014368641875969882	0.9099138167719537
941	0.0014368641875969882	0.909865822414352
942	0.0014368641875969882	0.9098179505413
943	0.0012874303120869015	0.9097702156898853
944	0.0012874303120869015	0.9097226198974175
945	0.0012874303120869015	0.9096751641546353
946	0.0012874303120869015	0.9096278552316748
947	0.0012529455715845738	0.9095806622731918
948	0.0012529455715845738	0.9095336122385994
949	0.0012529455715845738	0.9094867140475332
950	0.0012529455715845738	0.9094399763790779
951	0.0012529455715845738	0.909393353907521
952	0.0012529455715845738	0.9093468709346307
953	0.0012529455715845738	0.9093005258498292
954	0.001229955744583022	0.9092542991326005
955	0.001229955744583022	0.9092082241712073
956	0.001229955744583022	0.9091622629131242
957	0.001229955744583022	0.9091164543672017
958	0.001229955744583022	0.9090707820225481
959	0.001229955744583022	0.9090252325827414
960	0.001229955744583022	0.90897982985523
961	0.001229955744583022	0.9089345601254029
962	0.001229955744583022	0.9088894000308062
963	0.0012184608310822462	0.9088443656923189
964	0.0012184608310822462	0.9087994452898157
965	0.0012184608310822462	0.9087546325637409
966	0.0012184608310822462	0.9087099512151946
967	0.0012069659175814702	0.9086653960074884
968	0.0012069659175814702	0.9086209546177765
969	0.0012069659175814702	0.9085766395578225
970	0.0012069659175814702	0.9085324477926127
971	0.0011954710040806944	0.9084883801672022
972	0.0011839760905799183	0.9084444249469136
973	0.0011494913500775907	0.9084005915435537
974	0.0011494913500775907	0.9083568674080804
975	0.0011494913500775907	0.908313259807312
976	0.0011379964365768147	0.9082697644047394
977	0.0011379964365768147	0.9082263860528482
978	0.0011265015230760389	0.908183130168956
979	0.0011265015230760389	0.9081399807065954
980	0.0011265015230760389	0.9080969494208435
981	0.0011265015230760389	0.9080540243759947
982	0.0011150066095752629	0.9080112157057634
983	0.0011150066095752629	0.9079685348271617
984	0.0011150066095752629	0.9079259649815807
985	0.0011150066095752629	0.9078835166528388
986	0.001103511696074487	0.9078411787915559
987	0.001103511696074487	0.9077989469255903
988	0.001092016782573711	0.9077568019129751
989	0.001092016782573711	0.90771476913563
990	0.001092016782573711	0.9076728715251899
991	0.001092016782573711	0.9076310857497822
992	0.001092016782573711	0.9075894016447461
993	0.0010690269555721594	0.9075478296253149
994	0.0010690269555721594	0.9075063687117306
995	0.0010575320420713834	0.9074650217510998
996	0.0010575320420713834	0.9074237846315261
997	0.0010575320420713834	0.907382659356163
998	0.0010575320420713834	0.9073416424837751
999	0.0010575320420713834	0.9073007278524392
1000	0.0010575320420713834	0.9072599137708014
1001	0.0010575320420713834	0.9072191914575375
1002	0.0010575320420713834	0.9071785660557413
1003	0.0009770676475659521	0.907138049474283
1004	0.0009770676475659521	0.9070976305222802
1005	0.0009770676475659521	0.9070573096801594
1006	0.0009770676475659521	0.907017102858975
1007	0.0009770676475659521	0.9069770097174202
1008	0.0009770676475659521	0.9069370276578755
1009	0.0009770676475659521	0.9068971500591388
1010	0.0009655727340651762	0.9068573692040723
1011	0.0009540778205644003	0.9068176776455013
1012	0.0009540778205644003	0.9067780803685561
1013	0.0009540778205644003	0.9067385797964325
1014	0.0009540778205644003	0.906699186079682
1015	0.0009425829070636244	0.9066598745207162
1016	0.0009425829070636244	0.9066206659831801
1017	0.0009425829070636244	0.906581554354547
1018	0.0009310879935628485	0.9065425332336391
1019	0.0009310879935628485	0.906503608351672
1020	0.0009310879935628485	0.9064647642496279
1021	0.0009310879935628485	0.9064260345696878
1022	0.0009310879935628485	0.9063873977228715
1023	0.0009310879935628485	0.9063488682240611
1024	0.0009195930800620725	0.9063104301177249
1025	0.0009195930800620725	0.9062720727324635
1026	0.0009195930800620725	0.9062337952792715
1027	0.0009195930800620725	0.906195601713639
1028	0.0009195930800620725	0.9061575105717992
1029	0.0009195930800620725	0.9061195074603655
1030	0.0009195930800620725	0.9060815942027807
1031	0.0009195930800620725	0.9060437648393016
1032	0.0009195930800620725	0.9060060243253618
1033	0.0009195930800620725	0.9059683600604957
1034	0.0009195930800620725	0.9059307762625018
1035	0.0009195930800620725	0.9058932742374181
1036	0.0009195930800620725	0.9058558508081653
1037	0.0009195930800620725	0.9058185089509374
1038	0.0009195930800620725	0.9057812423462943
1039	0.0009195930800620725	0.9057440569386616
1040	0.0009080981665612966	0.905706948358262
1041	0.0009080981665612966	0.9056699253180688
1042	0.0009080981665612966	0.905632976450076
1043	0.0008966032530605207	0.9055961081432946
1044	0.0008966032530605207	0.9055593140424499
1045	0.0008966032530605207	0.9055225980825047
1046	0.0008966032530605207	0.9054859632315531
1047	0.0008966032530605207	0.905449402225672
1048	0.0008966032530605207	0.9054129164503513
1049	0.0008966032530605207	0.9053765065672807
1050	0.0008966032530605207	0.9053401809010702
1051	0.0008966032530605207	0.9053039305302472
1052	0.0008966032530605207	0.9052677529317844
1053	0.0008851083395597448	0.9052316836707845
1054	0.0008851083395597448	0.9051956798017171
1055	0.0008851083395597448	0.9051597677068682
1056	0.0008851083395597448	0.9051239351458313
1057	0.0008851083395597448	0.9050881768388932
1058	0.0008851083395597448	0.9050524914856666
1059	0.0008851083395597448	0.905016882857887
1060	0.0008851083395597448	0.9049813565873578
1061	0.0008851083395597448	0.9049459101051525
1062	0.0008736134260589689	0.9049105425933813
1063	0.0008736134260589689	0.9048752605142778
1064	0.0008736134260589689	0.9048400456395173
1065	0.0008736134260589689	0.9048049180233019
1066	0.0008736134260589689	0.9047698549963095
1067	0.0008736134260589689	0.9047348608028081
1068	0.0008736134260589689	0.9046999354206156
1069	0.0008736134260589689	0.9046650757671747
1070	0.0008736134260589689	0.9046302986664558
1071	0.0008736134260589689	0.9045955993184129
1072	0.0008736134260589689	0.9045609663395141
1073	0.0008736134260589689	0.9045264101338167
1074	0.0008736134260589689	0.9044919270018802
1075	0.0008736134260589689	0.9044574987764535
1076	0.0008736134260589689	0.9044231701115728
1077	0.0008736134260589689	0.9043889186755361
1078	0.0008736134260589689	0.9043547207202893
1079	0.0008736134260589689	0.9043206063705888
1080	0.0008736134260589689	0.9042865576471377
1081	0.0008736134260589689	0.904252587082059
1082	0.0008736134260589689	0.904218689799572
1083	0.0008736134260589689	0.9041848636946689
1084	0.0008736134260589689	0.9041510997101997
1085	0.000862118512558193	0.9041174076904321
1086	0.000862118512558193	0.9040837857016587
1087	0.000862118512558193	0.9040502350653825
1088	0.000862118512558193	0.9040167482379423
1089	0.0008506235990574171	0.9039833131409926
1090	0.0008506235990574171	0.9039499522027379
1091	0.0008506235990574171	0.9039166505805132
1092	0.0008506235990574171	0.9038834431271405
1093	0.0008391286855566412	0.9038503030159052
1094	0.0008391286855566412	0.9038172223184983
1095	0.0008391286855566412	0.9037842124016956
1096	0.0008391286855566412	0.9037512664067235
1097	0.0008391286855566412	0.9037183927191187
1098	0.0008391286855566412	0.9036855830570705
1099	0.0008391286855566412	0.9036528372618623
1100	0.0008391286855566412	0.9036201541694565
1101	0.0008391286855566412	0.903587533940407
1102	0.0008391286855566412	0.9035549598047871
1103	0.0008391286855566412	0.9035224675364801
1104	0.0008391286855566412	0.9034900381703497
1105	0.0008391286855566412	0.9034576713264808
1106	0.0008391286855566412	0.9034253705929598
1107	0.0008391286855566412	0.9033931267918522
1108	0.0008391286855566412	0.9033609500355558
1109	0.0008391286855566412	0.9033288420612845
1110	0.0008276337720558652	0.9032968042173002
1111	0.0008276337720558652	0.9032648435286174
1112	0.0008276337720558652	0.9032329446654253
1113	0.0008276337720558652	0.9032011126738272
1114	0.0008276337720558652	0.9031693424832442
1115	0.0008276337720558652	0.9031376244423523
1116	0.0008276337720558652	0.9031059745365175
1117	0.0008276337720558652	0.9030743849484032
1118	0.0008161388585550893	0.9030428551555093
1119	0.0008161388585550893	0.9030113870351328
1120	0.0008161388585550893	0.9029799785839059
1121	0.0008161388585550893	0.9029486322191284
1122	0.0008161388585550893	0.9029173342959345
1123	0.0008161388585550893	0.90288610625061
1124	0.0008161388585550893	0.9028549441765551
1125	0.0008161388585550893	0.9028238412619951
1126	0.0008161388585550893	0.9027927994483171
1127	0.0008161388585550893	0.9027618209001437
1128	0.0008161388585550893	0.90273090232037
1129	0.0008161388585550893	0.9027000379034403
1130	0.0008161388585550893	0.9026692269508688
1131	0.0008046439450543135	0.9026384769199526
1132	0.0008046439450543135	0.9026077830793142
1133	0.0008046439450543135	0.9025771444716011
1134	0.0008046439450543135	0.9025465483998649
1135	0.0008046439450543135	0.9025160152576804
1136	0.0008046439450543135	0.9024855442031826
1137	0.0008046439450543135	0.9024551387357908
1138	0.0008046439450543135	0.9024247882375891
1139	0.0008046439450543135	0.902394506590981
1140	0.0008046439450543135	0.9023642787140594
1141	0.0008046439450543135	0.9023341012008692
1142	0.0008046439450543135	0.9023039638941786
1143	0.0008046439450543135	0.9022739072611285
1144	0.0008046439450543135	0.9022439116755309
1145	0.0008046439450543135	0.9022139690882651
1146	0.0008046439450543135	0.9021840878017626
1147	0.0008046439450543135	0.9021542632604291
1148	0.0007931490315535376	0.9021244879051835
1149	0.0007931490315535376	0.9020947711105719
1150	0.0007931490315535376	0.9020651091443661
1151	0.0007931490315535376	0.9020354950727233
1152	0.0007931490315535376	0.9020059348690396
1153	0.0007931490315535376	0.9019764286743742
1154	0.0007931490315535376	0.9019469693507054
1155	0.0007931490315535376	0.9019175681531205
1156	0.0007931490315535376	0.9018882215230118
1157	0.0007931490315535376	0.9018589180333789
1158	0.0007931490315535376	0.9018296749019029
1159	0.0007816541180527617	0.9018004818913329
1160	0.0007816541180527617	0.9017713345324165
1161	0.0007816541180527617	0.9017422414269394
1162	0.0007816541180527617	0.901713195640216
1163	0.0007816541180527617	0.9016842042105276
1164	0.0007816541180527617	0.9016552634554338
1165	0.0007816541180527617	0.9016263724034089
1166	0.0007816541180527617	0.9015975377866956
1167	0.0007816541180527617	0.9015687477133321
1168	0.0007816541180527617	0.901540014962085
1169	0.0007816541180527617	0.901511325422319
1170	0.0007816541180527617	0.9014826929208246
1171	0.0007701592045519858	0.9014541202818609
1172	0.0007701592045519858	0.9014255968505812
1173	0.0007586642910512099	0.9013971267556112
1174	0.0007586642910512099	0.9013687050157569
1175	0.000747169377550434	0.9013403371752107
1176	0.000747169377550434	0.901312022161418
1177	0.000747169377550434	0.9012837554587816
1178	0.000747169377550434	0.9012555365060194
1179	0.000747169377550434	0.9012273587965066
1180	0.000747169377550434	0.9011992353869819
1181	0.000747169377550434	0.9011711590259246
1182	0.000747169377550434	0.9011431272025809
1183	0.000747169377550434	0.9011151338790258
1184	0.000735674464049658	0.9010871966638547
1185	0.000735674464049658	0.9010592881400414
1186	0.000735674464049658	0.9010314371088828
1187	0.000735674464049658	0.9010036364963808
1188	0.0007241795505488821	0.9009758841432102
1189	0.0007241795505488821	0.9009481811015648
1190	0.0007241795505488821	0.9009205268375408
1191	0.0007241795505488821	0.9008929164503094
1192	0.0007241795505488821	0.9008653585540786
1193	0.0007241795505488821	0.900837849556914
1194	0.0007241795505488821	0.900810385536744
1195	0.0007241795505488821	0.9007829652501667
1196	0.0007126846370481062	0.9007555848953225
1197	0.0007126846370481062	0.9007282478210148
1198	0.0007126846370481062	0.9007009499787733
1199	0.0007126846370481062	0.9006736906140087
1200	0.0007126846370481062	0.9006464754646154
1201	0.0007126846370481062	0.900619311323148
1202	0.0007011897235473303	0.9005921916792675
1203	0.0007011897235473303	0.9005651123719096
1204	0.0007011897235473303	0.9005380772699012
1205	0.0007011897235473303	0.9005110866204348
1206	0.0007011897235473303	0.9004841450998605
1207	0.0007011897235473303	0.9004572461683781
1208	0.0007011897235473303	0.900430389123792
1209	0.0007011897235473303	0.9004035833982915
1210	0.0007011897235473303	0.9003768228551331
1211	0.0007011897235473303	0.9003501103820974
1212	0.0007011897235473303	0.9003234396888405
1213	0.0007011897235473303	0.9002968159839185
1214	0.0006896948100465544	0.9002702390200307
1215	0.0006896948100465544	0.9002437044177604
1216	0.0006896948100465544	0.9002172134843589
1217	0.0006896948100465544	0.9001907657836734
1218	0.0006896948100465544	0.9001643571335088
1219	0.0006896948100465544	0.9001379884985877
1220	0.0006896948100465544	0.900111662995279
1221	0.0006896948100465544	0.9000853763241166
1222	0.0006896948100465544	0.9000591339286546
1223	0.0006896948100465544	0.9000329326097309
1224	0.0006896948100465544	0.9000067750921166
1225	0.0006896948100465544	0.8999806600556477
1226	0.0006896948100465544	0.8999545816275764
1227	0.0006896948100465544	0.899928546769179
1228	0.0006896948100465544	0.8999025493240315
1229	0.0006896948100465544	0.8998765948465571
1230	0.0006896948100465544	0.899850681483933
1231	0.0006781998965457785	0.8998248078830009
1232	0.0006781998965457785	0.8997989719853818
1233	0.0006781998965457785	0.8997731744959311
1234	0.0006781998965457785	0.8997474166351975
1235	0.0006667049830450026	0.8997216993575976
1236	0.0006667049830450026	0.899696021141836
1237	0.0006667049830450026	0.8996703901685291
1238	0.0006667049830450026	0.8996448001152304
1239	0.0006667049830450026	0.8996192544545951
1240	0.0006667049830450026	0.8995937381287208
1241	0.0006667049830450026	0.8995682880238765
1242	0.0006667049830450026	0.8995428592377811
1243	0.0006667049830450026	0.8995174841927398
1244	0.0006667049830450026	0.8994921455091202
1245	0.0006667049830450026	0.8994668486262866
1246	0.0006667049830450026	0.8994415959165903
1247	0.0006667049830450026	0.8994163836730614
1248	0.0006667049830450026	0.8993912086313899
1249	0.0006667049830450026	0.8993660681383734
1250	0.0006667049830450026	0.8993409641992399
1251	0.0006667049830450026	0.899315897252058
1252	0.0006667049830450026	0.8992908654060298
1253	0.0006667049830450026	0.8992658700783619
1254	0.0006667049830450026	0.8992409106246394
1255	0.0006667049830450026	0.8992159866718035
1256	0.0006667049830450026	0.8991910979250339
1257	0.0006667049830450026	0.8991662440558168
1258	0.0006667049830450026	0.899141423141841
1259	0.0006667049830450026	0.8991166335919646
1260	0.0006667049830450026	0.8990918821687577
1261	0.0006667049830450026	0.8990671694162692
1262	0.0006667049830450026	0.8990424965693662
1263	0.0006667049830450026	0.8990178615639616
1264	0.0006667049830450026	0.8989932689619237
1265	0.0006667049830450026	0.898968707371919
1266	0.0006667049830450026	0.8989441921931371
1267	0.0006667049830450026	0.89891971544267
1268	0.0006667049830450026	0.8988952743505805
1269	0.0006667049830450026	0.8988708699642349
1270	0.0006667049830450026	0.8988465020990158
1271	0.0006667049830450026	0.8988221662777032
1272	0.0006667049830450026	0.8987978666287195
1273	0.0006667049830450026	0.8987736032288779
1274	0.0006667049830450026	0.8987493761690989
1275	0.0006667049830450026	0.8987251846873837
1276	0.0006667049830450026	0.8987010216814232
1277	0.0006552100695442266	0.8986768955860759
1278	0.0006552100695442266	0.8986528047109649
1279	0.0006552100695442266	0.8986287452736256
1280	0.0006552100695442266	0.8986047215472945
1281	0.0006552100695442266	0.898580731839143
1282	0.0006552100695442266	0.8985567721696158
1283	0.0006552100695442266	0.898532852797038
1284	0.0006552100695442266	0.8985089665129695
1285	0.0006552100695442266	0.8984851092715722
1286	0.0006552100695442266	0.8984612840776868
1287	0.0006552100695442266	0.8984374911926861
1288	0.0006552100695442266	0.8984137302645964
1289	0.0006552100695442266	0.8983899896576691
1290	0.0006552100695442266	0.898366291946313
1291	0.0006552100695442266	0.8983426308682328
1292	0.0006552100695442266	0.8983190033433118
1293	0.0006552100695442266	0.8982954026229937
1294	0.0006437151560434507	0.8982718406610936
1295	0.0006437151560434507	0.8982483126418432
1296	0.0006437151560434507	0.8982248141791533
1297	0.000620725329041899	0.8982013503652122
1298	0.000620725329041899	0.8981779183068859
1299	0.000620725329041899	0.8981545142214702
1300	0.000620725329041899	0.8981311471121026
1301	0.000620725329041899	0.8981078136698352
1302	0.000620725329041899	0.8980845068219727
1303	0.000620725329041899	0.898061233401201
1304	0.0006092304155411231	0.8980379928529336
1305	0.0006092304155411231	0.8980147746279008
1306	0.0006092304155411231	0.8979916061136616
1307	0.0005977355020403472	0.8979684768261179
1308	0.0005977355020403472	0.8979453815630974
1309	0.0005977355020403472	0.8979223201462467
1310	0.0005977355020403472	0.8978992908820382
1311	0.0005977355020403472	0.897876291924451
1312	0.0005977355020403472	0.8978533183500101
1313	0.0005977355020403472	0.8978303791600153
1314	0.0005977355020403472	0.8978074720663727
1315	0.0005977355020403472	0.8977845912221502
1316	0.0005977355020403472	0.8977617436762644
1317	0.0005862405885395713	0.8977389271839151
1318	0.0005862405885395713	0.8977161373689169
1319	0.0005862405885395713	0.8976933795661792
1320	0.0005862405885395713	0.897670650733945
1321	0.0005862405885395713	0.8976479378792875
1322	0.0005862405885395713	0.897625269704578
1323	0.0005862405885395713	0.8976026314938275
1324	0.0005862405885395713	0.897580032978694
1325	0.0005862405885395713	0.8975574602327592
1326	0.0005862405885395713	0.8975349229547201
1327	0.0005862405885395713	0.8975124154579042
1328	0.0005747456750387954	0.8974899374038791
1329	0.0005747456750387954	0.8974674910892727
1330	0.0005747456750387954	0.8974450769028437
1331	0.0005747456750387954	0.8974226932078361
1332	0.0005747456750387954	0.8974003381623794
1333	0.0005747456750387954	0.8973780117352324
1334	0.0005747456750387954	0.8973557074214622
1335	0.0005747456750387954	0.8973334359754043
1336	0.0005747456750387954	0.897311193668891
1337	0.0005632507615380194	0.8972889791360694
1338	0.0005632507615380194	0.8972667861652038
1339	0.0005632507615380194	0.8972446203294233
1340	0.0005632507615380194	0.8972224879375946
1341	0.0005632507615380194	0.8972003855449682
1342	0.0005632507615380194	0.8971783116027785
1343	0.0005632507615380194	0.8971562631966175
1344	0.0005632507615380194	0.8971342442866058
1345	0.0005632507615380194	0.897112253307408
1346	0.0005632507615380194	0.8970902884118567
1347	0.0005632507615380194	0.8970683494390762
1348	0.0005632507615380194	0.8970464362517584
1349	0.0005632507615380194	0.8970245486986406
1350	0.0005632507615380194	0.8970026867089235
1351	0.0005632507615380194	0.8969808469858748
1352	0.0005632507615380194	0.896959037193159
1353	0.0005632507615380194	0.8969372521418363
1354	0.0005632507615380194	0.8969154945301144
1355	0.0005632507615380194	0.8968937637840132
1356	0.0005632507615380194	0.8968720566993394
1357	0.0005632507615380194	0.8968503773392775
1358	0.0005632507615380194	0.8968287252653854
1359	0.0005632507615380194	0.8968071001186999
1360	0.0005632507615380194	0.8967855014293259
1361	0.0005632507615380194	0.8967639211782354
1362	0.0005632507615380194	0.8967423698653603
1363	0.0005632507615380194	0.896720851103738
1364	0.0005632507615380194	0.8966993552920265
1365	0.0005632507615380194	0.8966778866412992
1366	0.0005517558480372435	0.89665645663755
1367	0.0005402609345364676	0.8966350550374588
1368	0.0005402609345364676	0.8966136894982049
1369	0.0005402609345364676	0.8965923552864871
1370	0.0005402609345364676	0.8965710513392636
1371	0.0005402609345364676	0.8965497763318181
1372	0.0005402609345364676	0.8965285248136952
1373	0.0005402609345364676	0.8965073014120446
1374	0.0005402609345364676	0.896486106902829
1375	0.0005402609345364676	0.896464942210672
1376	0.0005402609345364676	0.8964438056089844
1377	0.0005287660210356917	0.8964226924663619
1378	0.0005172711075349158	0.8964016045048732
1379	0.0005172711075349158	0.8963805460754973
1380	0.0005172711075349158	0.8963595147285552
1381	0.0005172711075349158	0.8963385097885825
1382	0.0005172711075349158	0.8963175299873596
1383	0.0005172711075349158	0.8962965746675025
1384	0.0005172711075349158	0.8962756361721297
1385	0.0005172711075349158	0.8962547237439956
1386	0.0005172711075349158	0.8962338354907213
1387	0.0005172711075349158	0.8962129772969246
1388	0.0005172711075349158	0.8961921506876757
1389	0.0005172711075349158	0.8961713527709759
1390	0.0005172711075349158	0.8961505783087351
1391	0.0005172711075349158	0.8961298313648839
1392	0.0005172711075349158	0.8961091122902514
1393	0.0005172711075349158	0.8960884152838658
1394	0.0005172711075349158	0.8960677480936792
1395	0.0005172711075349158	0.896047110286468
1396	0.0005172711075349158	0.8960264926411222
1397	0.0005172711075349158	0.896005905495837
1398	0.0005172711075349158	0.895985352312114
1399	0.0005172711075349158	0.8959648218234857
1400	0.0005172711075349158	0.8959443237387013
1401	0.0005172711075349158	0.89592385517824
1402	0.0005172711075349158	0.8959034143774377
1403	0.0005172711075349158	0.8958829981291738
1404	0.0005172711075349158	0.8958626048186361
1405	0.0005172711075349158	0.8958422391322794
1406	0.0005172711075349158	0.8958218987155263
1407	0.0005172711075349158	0.8958015837607634
1408	0.0005172711075349158	0.8957812899998004
1409	0.0005172711075349158	0.8957610241183299
1410	0.0005172711075349158	0.8957407845001046
1411	0.0005172711075349158	0.8957205700344915
1412	0.0005172711075349158	0.8957003799526743
1413	0.0005172711075349158	0.8956802131565237
1414	0.0005172711075349158	0.8956600714025367
1415	0.0005172711075349158	0.8956399601667734
1416	0.0005172711075349158	0.8956198750209212
1417	0.0005172711075349158	0.8955998142196677
1418	0.0005172711075349158	0.8955797770517319
1419	0.0005172711075349158	0.8955597629073393
1420	0.0005172711075349158	0.8955397713283649
1421	0.0005172711075349158	0.8955197989378653
1422	0.0005172711075349158	0.8954998498950829
1423	0.0005172711075349158	0.8954799242344531
1424	0.0005172711075349158	0.8954600215957984
1425	0.0005172711075349158	0.8954401354788449
1426	0.0005172711075349158	0.8954202743148644
1427	0.0005172711075349158	0.8954004299138263
1428	0.0005172711075349158	0.8953806140325816
1429	0.0005172711075349158	0.8953608283433322
1430	0.0005172711075349158	0.8953410687187836
1431	0.0005172711075349158	0.8953213314637831
1432	0.0005172711075349158	0.8953016109625138
1433	0.0005172711075349158	0.8952819148109782
1434	0.0005172711075349158	0.8952622456486711
1435	0.0005172711075349158	0.8952425952214489
1436	0.0005172711075349158	0.8952229724137827
1437	0.0005172711075349158	0.8952033734908644
1438	0.0005172711075349158	0.8951837919627914
1439	0.0005172711075349158	0.8951642350799589
1440	0.0005172711075349158	0.895144698460719
1441	0.0005172711075349158	0.8951251881306651
1442	0.0005172711075349158	0.8951056992625923
1443	0.0005172711075349158	0.8950862338146502
1444	0.000494281280533364	0.8950667902494823
1445	0.000494281280533364	0.8950473678581272
1446	0.000494281280533364	0.895027967308005
1447	0.000494281280533364	0.8950085829928182
1448	0.000494281280533364	0.8949892183999364
1449	0.000494281280533364	0.8949698768260438
1450	0.000494281280533364	0.8949505638683984
1451	0.000494281280533364	0.894931275000964
1452	0.000494281280533364	0.8949120068741885
1453	0.000494281280533364	0.894892760148178
1454	0.000494281280533364	0.8948735308817649
1455	0.000494281280533364	0.8948543265012523
1456	0.000494281280533364	0.8948351453930589
1457	0.000494281280533364	0.8948159776500249
1458	0.000494281280533364	0.8947968418961948
1459	0.000494281280533364	0.8947777322748407
1460	0.000494281280533364	0.8947586463218979
1461	0.000494281280533364	0.8947395825793842
1462	0.000494281280533364	0.8947205400275202
1463	0.000494281280533364	0.8947015135253374
1464	0.000494281280533364	0.8946825106133927
1465	0.000494281280533364	0.8946635245111422
1466	0.000494281280533364	0.8946445634883469
1467	0.000494281280533364	0.8946256244340374
1468	0.000494281280533364	0.8946067067544831
1469	0.000494281280533364	0.8945878096720232
1470	0.000494281280533364	0.8945689302423819
1471	0.000494281280533364	0.894550074568298
1472	0.000494281280533364	0.8945312411475196
1473	0.000494281280533364	0.8945124263740039
1474	0.000494281280533364	0.8944936329252653
1475	0.000494281280533364	0.8944748582874401
1476	0.000494281280533364	0.8944561063087614
1477	0.000494281280533364	0.8944373756848919
1478	0.000494281280533364	0.8944186661798899
1479	0.000494281280533364	0.8943999777740351
1480	0.000494281280533364	0.8943813105630954
1481	0.000494281280533364	0.894362664267134
1482	0.000494281280533364	0.8943440357175009
1483	0.000494281280533364	0.8943254252952537
1484	0.000494281280533364	0.8943068348911655
1485	0.000494281280533364	0.8942882665352752
1486	0.000494281280533364	0.8942697214447557
1487	0.000494281280533364	0.8942511994133588
1488	0.000494281280533364	0.8942327006200138
1489	0.000494281280533364	0.8942142226345667
1490	0.000494281280533364	0.8941957680616237
1491	0.000494281280533364	0.8941773339615008
1492	0.000494281280533364	0.8941589217587483
1493	0.000494281280533364	0.8941405342898499
1494	0.000494281280533364	0.8941221687962209
1495	0.000494281280533364	0.8941038240418312
1496	0.00043680671302948445	0.8940854993945534
1497	0.00043680671302948445	0.8940671944205728
1498	0.00043680671302948445	0.8940489088104314
1499	0.00043680671302948445	0.8940306422931099
1500	0.00043680671302948445	0.894012387756594
1501	0.00042531179952870853	0.893994155145405
1502	0.00042531179952870853	0.8939759398972476
1503	0.00042531179952870853	0.8939577417544717
1504	0.00042531179952870853	0.8939395796529916
1505	0.00042531179952870853	0.8939214433534928
1506	0.00042531179952870853	0.8939033289880638
1507	0.00042531179952870853	0.8938852351029127
1508	0.00042531179952870853	0.8938671609786076
1509	0.0004138168860279326	0.8938491051987384
1510	0.0004138168860279326	0.8938310665387887
1511	0.0004138168860279326	0.8938130429380393
1512	0.0004138168860279326	0.8937950416453516
1513	0.0004138168860279326	0.8937770530556626
1514	0.0004138168860279326	0.8937590956243925
1515	0.0004138168860279326	0.8937411636277324
1516	0.0004138168860279326	0.8937232492633823
1517	0.0004138168860279326	0.8937053597032502
1518	0.0004138168860279326	0.8936874922801371
1519	0.0004138168860279326	0.8936696454666525
1520	0.0004138168860279326	0.8936518089297971
1521	0.0004138168860279326	0.8936340028878691
1522	0.0004138168860279326	0.8936162112996121
1523	0.0004138168860279326	0.8935984430331202
1524	0.0004138168860279326	0.8935806955901751
1525	0.0004138168860279326	0.8935629636392628
1526	0.0004138168860279326	0.8935452523978968
1527	0.0004138168860279326	0.8935275628543121
1528	0.0004138168860279326	0.893509893929681
1529	0.0004138168860279326	0.8934922444770536
1530	0.0004138168860279326	0.8934746138231318
1531	0.0004138168860279326	0.8934570014553087
1532	0.0004138168860279326	0.8934394018958328
1533	0.0004138168860279326	0.8934218224397632
1534	0.0004138168860279326	0.8934042756889151
1535	0.0004138168860279326	0.8933867492774913
1536	0.0004138168860279326	0.8933692422929843
1537	0.0004138168860279326	0.8933517544242514
1538	0.0004138168860279326	0.8933342852531394
1539	0.0004138168860279326	0.8933168346188908
1540	0.0004138168860279326	0.8932994024088775
1541	0.0004138168860279326	0.8932819882268725
1542	0.0004138168860279326	0.8932645919142062
1543	0.0004138168860279326	0.8932472132649041
1544	0.0004138168860279326	0.8932298489265447
1545	0.0004138168860279326	0.8932124998641503
1546	0.0004138168860279326	0.893195170932515
1547	0.0004138168860279326	0.8931778608235115
1548	0.0004138168860279326	0.8931605651451896
1549	0.0004138168860279326	0.8931432889349683
1550	0.0004138168860279326	0.8931260293894182
1551	0.0004138168860279326	0.893108790612966
1552	0.0004138168860279326	0.8930915711719044
1553	0.0004138168860279326	0.8930743700511375
1554	0.0004138168860279326	0.8930571822098348
1555	0.0004138168860279326	0.8930400124272815
1556	0.0004138168860279326	0.8930228616722147
1557	0.0004138168860279326	0.8930057251225823
1558	0.0004138168860279326	0.8929886066175357
1559	0.0004138168860279326	0.8929715098800893
1560	0.0004138168860279326	0.8929544292271155
1561	0.0004138168860279326	0.8929373682619515
1562	0.0004138168860279326	0.8929203264230396
1563	0.0004138168860279326	0.8929033027625545
1564	0.0004138168860279326	0.8928862965769968
1565	0.0004138168860279326	0.8928693073752225
1566	0.0004138168860279326	0.8928523288209147
1567	0.0004138168860279326	0.8928353699151256
1568	0.0004138168860279326	0.8928184305051022
1569	0.0004138168860279326	0.892801510478079
1570	0.0004138168860279326	0.8927846084351698
1571	0.0004138168860279326	0.892767723590627
1572	0.0004138168860279326	0.8927508553728296
1573	0.0004138168860279326	0.8927340033777115
1574	0.0004138168860279326	0.8927171672918843
1575	0.0004138168860279326	0.8927003463418965
1576	0.0004138168860279326	0.8926835402034534
1577	0.0004138168860279326	0.8926667495817258
1578	0.0004138168860279326	0.8926499749695898
1579	0.0004138168860279326	0.8926332164856214
1580	0.0004138168860279326	0.8926164740039599
1581	0.0004138168860279326	0.8925997471576723
1582	0.0004138168860279326	0.8925830358242892
1583	0.0004138168860279326	0.8925663399891239
1584	0.0004138168860279326	0.8925496596731789
1585	0.0004138168860279326	0.8925329947338381
1586	0.0004138168860279326	0.8925163394879977
1587	0.0004138168860279326	0.8924997039043187
1588	0.00040232197252715676	0.8924830831907328
1589	0.00040232197252715676	0.892466478604216
1590	0.00040232197252715676	0.8924498921050324
1591	0.00040232197252715676	0.8924333234423867
1592	0.00040232197252715676	0.892416771321181
1593	0.00040232197252715676	0.892400236890966
1594	0.00040232197252715676	0.892383719705496
1595	0.00040232197252715676	0.8923672173017992
1596	0.00040232197252715676	0.8923507290971644
1597	0.00040232197252715676	0.8923342611935902
1598	0.00040232197252715676	0.8923178114451441
1599	0.00040232197252715676	0.8923013778245227
1600	0.00040232197252715676	0.8922849583966688
1601	0.00040232197252715676	0.892268556682729
1602	0.00040232197252715676	0.8922521770248855
1603	0.00040232197252715676	0.892235819320342
1604	0.00040232197252715676	0.8922194819600783
1605	0.00040232197252715676	0.892203163370058
1606	0.00040232197252715676	0.8921868623175195
1607	0.00040232197252715676	0.8921705779967009
1608	0.00040232197252715676	0.8921543055928945
1609	0.00040232197252715676	0.89213805109617
1610	0.00040232197252715676	0.8921218132875526
1611	0.00040232197252715676	0.8921055904369659
1612	0.00040232197252715676	0.8920893805217461
1613	0.00040232197252715676	0.8920731864561854
1614	0.00040232197252715676	0.8920570126770646
1615	0.00040232197252715676	0.8920408539593957
1616	0.00040232197252715676	0.8920247131895837
1617	0.00040232197252715676	0.8920085856377994
1618	0.00040232197252715676	0.8919924755774243
1619	0.00040232197252715676	0.8919763822253546
1620	0.00040232197252715676	0.891960302528152
1621	0.00040232197252715676	0.8919442401466854
1622	0.00040232197252715676	0.8919281933541204
1623	0.00040232197252715676	0.8919121600282428
1624	0.00040232197252715676	0.8918961414296991
1625	0.00040232197252715676	0.8918801371555067
1626	0.00040232197252715676	0.891864146587834
1627	0.00040232197252715676	0.8918481700918517
1628	0.00040232197252715676	0.8918322078331027
1629	0.00040232197252715676	0.8918162598500736
1630	0.00040232197252715676	0.8918003249299246
1631	0.00040232197252715676	0.8917844046531638
1632	0.00040232197252715676	0.8917684994530084
1633	0.00040232197252715676	0.8917526092768019
1634	0.00040232197252715676	0.8917367333183416
1635	0.00040232197252715676	0.8917208715171236
1636	0.00040232197252715676	0.8917050239697304
1637	0.00040232197252715676	0.8916891869702327
1638	0.00040232197252715676	0.8916733666279819
1639	0.00040232197252715676	0.8916575625755646
1640	0.00040232197252715676	0.8916417742659789
1641	0.00040232197252715676	0.8916260011488861
1642	0.00040232197252715676	0.8916102396317404
1643	0.00040232197252715676	0.8915944922134581
1644	0.00040232197252715676	0.8915787601698903
1645	0.00040232197252715676	0.8915630433083437
1646	0.00040232197252715676	0.8915473411031343
1647	0.00040232197252715676	0.8915316526061805
1648	0.00040232197252715676	0.8915159778371764
1649	0.00040232197252715676	0.8915003093615825
1650	0.00040232197252715676	0.8914846584227408
1651	0.00040232197252715676	0.8914690201274302
1652	0.00040232197252715676	0.8914534003264445
1653	0.00040232197252715676	0.8914377965333121
1654	0.00040232197252715676	0.8914222074661683
1655	0.00040232197252715676	0.8914066323754162
1656	0.00040232197252715676	0.8913910685610175
1657	0.00040232197252715676	0.8913755184842931
1658	0.00040232197252715676	0.8913599829938891
1659	0.00040232197252715676	0.8913444617788203
1660	0.00040232197252715676	0.8913289542119652
1661	0.00040232197252715676	0.891313459809719
1662	0.00040232197252715676	0.8912979783042015
1663	0.00040232197252715676	0.8912825095193119
1664	0.00040232197252715676	0.8912670534625414
1665	0.00040232197252715676	0.8912516096863935
1666	0.00040232197252715676	0.8912361760951261
1667	0.00040232197252715676	0.8912207574780943
1668	0.00040232197252715676	0.8912053534805822
1669	0.00039082705902638085	0.8911899631810991
1670	0.00039082705902638085	0.8911745827445513
1671	0.00039082705902638085	0.8911592165546018
1672	0.00039082705902638085	0.8911438615768554
1673	0.00039082705902638085	0.8911285205867342
1674	0.00039082705902638085	0.8911131937703505
1675	0.00039082705902638085	0.8910978810257288
1676	0.00039082705902638085	0.8910825802022401
1677	0.00039082705902638085	0.8910672908002133
1678	0.00039082705902638085	0.891052017467817
1679	0.00039082705902638085	0.8910367592115735
1680	0.00037933214552560493	0.8910215153743717
1681	0.000367837232024829	0.8910062816670716
1682	0.000367837232024829	0.8909910622626056
1683	0.000367837232024829	0.8909758568373016
1684	0.000367837232024829	0.8909606720339162
1685	0.000367837232024829	0.8909455022395911
1686	0.000367837232024829	0.890930346238698
1687	0.000367837232024829	0.8909152036624092
1688	0.000367837232024829	0.8909000742977992
1689	0.000367837232024829	0.890884958008299
1690	0.000367837232024829	0.8908698506217573
1691	0.000367837232024829	0.8908547569202713
1692	0.000367837232024829	0.8908396812267864
1693	0.000367837232024829	0.8908246144651598
1694	0.000367837232024829	0.8908095653388466
1695	0.000367837232024829	0.8907945324942054
1696	0.000367837232024829	0.8907795046186008
1697	0.000367837232024829	0.8907645024108406
1698	0.000367837232024829	0.8907495204067751
1699	0.0003563423185240531	0.8907345519618323
1700	0.0003563423185240531	0.8907196009150444
1701	0.0003563423185240531	0.8907046660584296
1702	0.0003563423185240531	0.8906897478137876
1703	0.0003563423185240531	0.8906748456326866
1704	0.0003563423185240531	0.8906599563988619
1705	0.0003563423185240531	0.8906450831390785
1706	0.0003563423185240531	0.8906302252091995
1707	0.0003563423185240531	0.8906153859147985
1708	0.0003563423185240531	0.8906005642822382
1709	0.0003563423185240531	0.8905857587839913
1710	0.0003563423185240531	0.8905709646038316
1711	0.0003563423185240531	0.8905561876533422
1712	0.0003563423185240531	0.8905414262677125
1713	0.0003563423185240531	0.8905266767389413
1714	0.0003563423185240531	0.8905119458120171
1715	0.0003563423185240531	0.8904972308530295
1716	0.0003563423185240531	0.8904825262903907
1717	0.0003563423185240531	0.8904678386875048
1718	0.0003563423185240531	0.8904531659692421
1719	0.0003563423185240531	0.89043850712414
1720	0.0003563423185240531	0.8904238601750833
1721	0.0003563423185240531	0.890409226464274
1722	0.0003563423185240531	0.8903946065345711
1723	0.0003563423185240531	0.890380000368403
1724	0.0003563423185240531	0.8903654077864805
1725	0.0003563423185240531	0.8903508242584209
1726	0.0003563423185240531	0.8903362546792195
1727	0.0003563423185240531	0.8903216975297792
1728	0.0003563423185240531	0.8903071569759823
1729	0.0003563423185240531	0.8902926311919865
1730	0.0003563423185240531	0.8902781191279283
1731	0.0003563423185240531	0.8902636150903802
1732	0.0003563423185240531	0.8902491242393047
1733	0.0003563423185240531	0.8902346500861531
1734	0.0003563423185240531	0.8902201910007952
1735	0.0003563423185240531	0.8902057459007717
1736	0.0003563423185240531	0.890191314080038
1737	0.0003563423185240531	0.8901768950658744
1738	0.0003563423185240531	0.8901624885246717
1739	0.0003563423185240531	0.890148094262015
1740	0.0003563423185240531	0.8901337121565825
1741	0.0003563423185240531	0.8901193421348894
1742	0.0003563423185240531	0.8901049841550026
1743	0.0003563423185240531	0.8900906341224929
1744	0.0003563423185240531	0.8900762983679792
1745	0.0003563423185240531	0.8900619758489473
1746	0.0003563423185240531	0.8900476660395574
1747	0.0003563423185240531	0.8900333686697779
1748	0.0003563423185240531	0.8900190821773863
1749	0.0003563423185240531	0.8900048082183519
1750	0.0003563423185240531	0.8899905453517475
1751	0.0003563423185240531	0.8899762965792858
1752	0.0003563423185240531	0.8899620607193779
1753	0.0003563423185240531	0.8899478374823561
1754	0.0003563423185240531	0.8899336268682373
1755	0.0003563423185240531	0.8899194289182796
1756	0.0003563423185240531	0.8899052331672679
1757	0.0003563423185240531	0.889891054151687
1758	0.0003563423185240531	0.8898768949403225
1759	0.0003563423185240531	0.8898627517341801
1760	0.0003563423185240531	0.8898486226693729
1761	0.0003563423185240531	0.88983450680087
1762	0.0003563423185240531	0.889820403578412
1763	0.0003563423185240531	0.8898063096744862
1764	0.0003563423185240531	0.8897922345213374
1765	0.0003563423185240531	0.8897781738484136
1766	0.0003563423185240531	0.8897641249902146
1767	0.0003563423185240531	0.8897500888072586
1768	0.0003563423185240531	0.8897360648626852
1769	0.0003563423185240531	0.8897220528481017
1770	0.0003563423185240531	0.8897080525787492
1771	0.0003563423185240531	0.8896940639467796
1772	0.0003563423185240531	0.8896800868703777
1773	0.0003563423185240531	0.8896661212060374
1774	0.0003563423185240531	0.8896521668731424
1775	0.0003563423185240531	0.8896382150176839
1776	0.0003563423185240531	0.8896242850657606
1777	0.0003563423185240531	0.8896103686751243
1778	0.0003563423185240531	0.8895964643718303
1779	0.0003563423185240531	0.8895825718529888
1780	0.0003563423185240531	0.88956869109744
1781	0.0003563423185240531	0.8895548201519078
1782	0.0003563423185240531	0.8895409599771572
1783	0.0003563423185240531	0.8895271127596015
1784	0.0003563423185240531	0.8895132758661085
1785	0.0003563423185240531	0.8894994535231453
1786	0.0003563423185240531	0.889485641310565
1787	0.0003563423185240531	0.889471844903993
1788	0.0003563423185240531	0.8894580627316553
1789	0.0003563423185240531	0.8894442937572801
1790	0.0003563423185240531	0.889430537365181
1791	0.0003563423185240531	0.8894167932128381
1792	0.0003563423185240531	0.8894030611205067
1793	0.0003563423185240531	0.8893893409346495
1794	0.0003563423185240531	0.8893756325976145
1795	0.0003563423185240531	0.8893619360475975
1796	0.0003563423185240531	0.8893482512134933
1797	0.0003563423185240531	0.8893345780184828
1798	0.0003563423185240531	0.8893209147973326
1799	0.0003563423185240531	0.8893072651190725
1800	0.0003563423185240531	0.8892936253163332
1801	0.0003563423185240531	0.8892799977779953
1802	0.0003563423185240531	0.8892663822373335
1803	0.0003563423185240531	0.8892527783697427
1804	0.0003563423185240531	0.8892391859999936
1805	0.0003563423185240531	0.8892256049561784
1806	0.0003563423185240531	0.8892120351171175
1807	0.0003563423185240531	0.88919847637545
1808	0.0003448474050232772	0.8891849286510315
1809	0.0003448474050232772	0.889171391874088
1810	0.0003448474050232772	0.8891578659826598
1811	0.0003448474050232772	0.8891443509141059
1812	0.0003448474050232772	0.8891308465519813
1813	0.0003448474050232772	0.8891173528492565
1814	0.0003448474050232772	0.8891038697147045
1815	0.0003448474050232772	0.8890903968202303
1816	0.0003448474050232772	0.8890769343974966
1817	0.0003448474050232772	0.8890634823620889
1818	0.0003448474050232772	0.8890500406495071
1819	0.0003448474050232772	0.8890366091946322
1820	0.0003448474050232772	0.8890231879512667
1821	0.0003448474050232772	0.8890097769173861
1822	0.0003448474050232772	0.888996376108306
1823	0.0003448474050232772	0.8889829824528224
1824	0.0003448474050232772	0.8889696009907727
1825	0.0003448474050232772	0.8889562263963435
1826	0.0003448474050232772	0.8889428656667219
1827	0.0003333524915225013	0.8889295136609418
1828	0.0003333524915225013	0.8889161747842313
1829	0.0003333524915225013	0.8889028485172897
1830	0.0003333524915225013	0.8888895344597888
1831	0.0003333524915225013	0.8888762322034611
1832	0.0003333524915225013	0.8888629414930044
1833	0.0003333524915225013	0.8888496621357803
1834	0.0003333524915225013	0.8888363893329582
1835	0.0003333524915225013	0.8888231314667118
1836	0.0003333524915225013	0.8888098862444909
1837	0.0003333524915225013	0.888796652718024
1838	0.0003333524915225013	0.8887834304141973
1839	0.0003333524915225013	0.8887702190879332
1840	0.0003333524915225013	0.8887570185925842
1841	0.0003333524915225013	0.8887438273878705
1842	0.0003333524915225013	0.8887306483480181
1843	0.0003333524915225013	0.8887174809641949
1844	0.0003333524915225013	0.8887043239838202
1845	0.0003333524915225013	0.8886911790267885
1846	0.0003333524915225013	0.8886780452324292
1847	0.0003333524915225013	0.8886649220048798
1848	0.0003333524915225013	0.8886518091554976
1849	0.0003333524915225013	0.8886387051694976
1850	0.0003333524915225013	0.888625611476796
1851	0.0003333524915225013	0.8886125279319935
1852	0.0003333524915225013	0.8885994544185499
1853	0.0003333524915225013	0.888586390309126
1854	0.0003333524915225013	0.888573335433857
1855	0.0003333524915225013	0.888560285397026
1856	0.0003333524915225013	0.8885472481045382
1857	0.0003333524915225013	0.8885342213372832
1858	0.0003333524915225013	0.8885212053662205
1859	0.0003333524915225013	0.8885081981727836
1860	0.0003333524915225013	0.8884952017174109
1861	0.0003333524915225013	0.8884822124123196
1862	0.0003333524915225013	0.8884692361198665
1863	0.0003333524915225013	0.8884562712238586
1864	0.0003333524915225013	0.8884433133080794
1865	0.0003333524915225013	0.8884303670989063
1866	0.0003333524915225013	0.8884174332504942
1867	0.0003333524915225013	0.8884045104954315
1868	0.0003333524915225013	0.8883915981132329
1869	0.0003333524915225013	0.888378695684259
1870	0.0003333524915225013	0.8883658029420562
1871	0.0003333524915225013	0.8883529197162882
1872	0.0003333524915225013	0.8883400448329932
1873	0.0003333524915225013	0.8883271791857075
1874	0.0003333524915225013	0.8883143232426901
1875	0.0003333524915225013	0.8883014772061016
1876	0.0003333524915225013	0.8882886408277022
1877	0.0003333524915225013	0.888275814290911
1878	0.0003333524915225013	0.8882629975086718
1879	0.0003333524915225013	0.8882501903759655
1880	0.0003333524915225013	0.8882373927869853
1881	0.0003333524915225013	0.888224601762666
1882	0.0003333524915225013	0.8882118210053712
1883	0.0003333524915225013	0.8881990501027435
1884	0.0003333524915225013	0.8881862887761977
1885	0.0003333524915225013	0.8881735368215942
1886	0.0003333524915225013	0.8881607940863837
1887	0.0003333524915225013	0.8881480604554105
1888	0.0003333524915225013	0.888135335834625
1889	0.0003333524915225013	0.8881226201487334
1890	0.0003333524915225013	0.8881099132825132
1891	0.0003333524915225013	0.888097215190247
1892	0.0003333524915225013	0.888084522276357
1893	0.0003333524915225013	0.8880718409504983
1894	0.0003333524915225013	0.888059167007947
1895	0.0003333524915225013	0.8880465037387593
1896	0.00032185757802172536	0.8880338484574489
1897	0.00032185757802172536	0.8880212027520353
1898	0.00032185757802172536	0.8880085675109383
1899	0.00032185757802172536	0.8879959417168058
1900	0.00032185757802172536	0.8879833251199767
1901	0.00032185757802172536	0.8879707176128895
1902	0.00032185757802172536	0.8879581191049005
1903	0.00032185757802172536	0.8879455295266813
1904	0.00032185757802172536	0.8879329465304734
1905	0.00032185757802172536	0.8879203734100444
1906	0.00032185757802172536	0.8879078082157449
1907	0.00032185757802172536	0.8878952529470564
1908	0.00032185757802172536	0.8878827073249584
1909	0.00032185757802172536	0.8878701710966017
1910	0.00032185757802172536	0.8878576440716272
1911	0.00032185757802172536	0.8878451260577
1912	0.00032185757802172536	0.8878326169621569
1913	0.00032185757802172536	0.8878201167115968
1914	0.00032185757802172536	0.8878076252465897
1915	0.00032185757802172536	0.887795142517896
1916	0.00032185757802172536	0.887782668333301
1917	0.00032185757802172536	0.8877702026378205
1918	0.00032185757802172536	0.8877577453903323
1919	0.00032185757802172536	0.8877452965601805
1920	0.00032185757802172536	0.8877328560856934
1921	0.00032185757802172536	0.887720423905731
1922	0.00032185757802172536	0.8877079984411609
1923	0.00032185757802172536	0.8876955817186566
1924	0.00032185757802172536	0.8876831736350658
1925	0.00032185757802172536	0.887670774107617
1926	0.00032185757802172536	0.8876583830565867
1927	0.00032185757802172536	0.8876459967575321
1928	0.00032185757802172536	0.887633621408835
1929	0.00032185757802172536	0.8876212558665266
1930	0.00032185757802172536	0.8876088994776338
1931	0.00032185757802172536	0.8875965518914428
1932	0.00032185757802172536	0.8875842129045957
1933	0.00032185757802172536	0.8875718823963197
1934	0.00032185757802172536	0.8875595602752967
1935	0.00032185757802172536	0.8875472464678276
1936	0.00032185757802172536	0.887534936643461
1937	0.00032185757802172536	0.8875226389773726
1938	0.00032185757802172536	0.887510350782006
1939	0.00032185757802172536	0.8874980712972627
1940	0.00032185757802172536	0.8874858003741196
1941	0.00032185757802172536	0.8874735373837628
1942	0.00032185757802172536	0.8874612832775537
1943	0.00032185757802172536	0.887449032915221
1944	0.00032185757802172536	0.8874367957085116
1945	0.00032185757802172536	0.8874245689300215
1946	0.00032185757802172536	0.887412351595896
1947	0.00032185757802172536	0.887400142395557
1948	0.00032185757802172536	0.8873879423159632
1949	0.00032185757802172536	0.8873757512112407
1950	0.00032185757802172536	0.8873635653084004
1951	0.00032185757802172536	0.8873513860853472
1952	0.0003103626645209495	0.8873392223398681
1953	0.0003103626645209495	0.887327072968196
1954	0.0003103626645209495	0.887314935546994
1955	0.0003103626645209495	0.8873028075989704
1956	0.0003103626645209495	0.8872906899488114
1957	0.0003103626645209495	0.8872785823446377
1958	0.0003103626645209495	0.8872664843653454
1959	0.0003103626645209495	0.8872543939173675
1960	0.0003103626645209495	0.8872423137892091
1961	0.0003103626645209495	0.8872302435012815
1962	0.0003103626645209495	0.8872181826531105
1963	0.0003103626645209495	0.8872061309232684
1964	0.0003103626645209495	0.8871940880533861
1965	0.0003103626645209495	0.8871820538363724
1966	0.0003103626645209495	0.8871700280408935
1967	0.0003103626645209495	0.8871580064053936
1968	0.0003103626645209495	0.8871459959870877
1969	0.0003103626645209495	0.8871339951971532
1970	0.0003103626645209495	0.8871220032040171
1971	0.0003103626645209495	0.8871100195781944
1972	0.0003103626645209495	0.887098044103638
1973	0.0003103626645209495	0.8870860766790561
1974	0.0003103626645209495	0.8870741172615773
1975	0.0003103626645209495	0.8870621566899377
1976	0.0003103626645209495	0.8870502139391395
1977	0.0003103626645209495	0.8870382773684924
1978	0.0003103626645209495	0.8870263429393088
1979	0.0003103626645209495	0.8870144278301572
1980	0.0003103626645209495	0.8870025238469511
1981	0.0003103626645209495	0.8869906294392975
1982	0.0003103626645209495	0.8869787441162964
1983	0.0003103626645209495	0.8869668676246582
1984	0.0003103626645209495	0.8869549997551421
1985	0.0003103626645209495	0.886943140319336
1986	0.0003103626645209495	0.886931289147468
1987	0.0003103626645209495	0.8869194460581731
1988	0.0003103626645209495	0.8869076108889223
1989	0.0003103626645209495	0.8868957829804679
1990	0.0003103626645209495	0.8868839627438163
1991	0.0003103626645209495	0.8868721504540528
1992	0.0003103626645209495	0.886860346299366
1993	0.0003103626645209495	0.8868485504110465
1994	0.0003103626645209495	0.8868367628766392
1995	0.0003103626645209495	0.8868249837463795
1996	0.0002988677510201736	0.8868132130377568
1997	0.0002988677510201736	0.8868014505852411
1998	0.0002988677510201736	0.8867896947891997
1999	0.0002988677510201736	0.8867779480364362
2000	0.0002988677510201736	0.8867662100891286
2001	0.0002988677510201736	0.8867544806378483
2002	0.0002988677510201736	0.8867427595180979
2003	0.0002988677510201736	0.8867310459275475
2004	0.0002988677510201736	0.8867193398106195
2005	0.0002988677510201736	0.8867076414127596
2006	0.0002988677510201736	0.8866959509152631
2007	0.0002988677510201736	0.8866842682333166
2008	0.0002988677510201736	0.8866725880732236
2009	0.0002988677510201736	0.8866609182481574
2010	0.0002988677510201736	0.886649257995514
2011	0.0002988677510201736	0.8866376068378782
2012	0.0002988677510201736	0.8866259617597531
2013	0.0002988677510201736	0.8866143284103121
2014	0.0002988677510201736	0.8866027051599963
2015	0.0002988677510201736	0.8865910910860498
2016	0.0002988677510201736	0.8865794856037452
2017	0.0002988677510201736	0.8865678882939975
2018	0.0002988677510201736	0.886556298862105
2019	0.0002988677510201736	0.8865447171343576
2020	0.0002988677510201736	0.8865331430011018
2021	0.0002873728375193977	0.8865215763945918
2022	0.0002873728375193977	0.8865100137988047
2023	0.0002873728375193977	0.8864984598428364
2024	0.0002873728375193977	0.8864869146710436
2025	0.0002873728375193977	0.8864753781466951
2026	0.0002873728375193977	0.8864638500439129
2027	0.0002873728375193977	0.8864523300618272
2028	0.0002873728375193977	0.8864408180258979
2029	0.0002873728375193977	0.8864293137932365
2030	0.0002873728375193977	0.8864178172509701
2031	0.0002873728375193977	0.8864063283119434
2032	0.0002873728375193977	0.8863948459403096
2033	0.0002873728375193977	0.8863833713944281
2034	0.0002873728375193977	0.8863719000679772
2035	0.0002873728375193977	0.8863604401228767
2036	0.0002873728375193977	0.8863489896623067
2037	0.0002873728375193977	0.8863375477614687
2038	0.0002873728375193977	0.8863261139359392
2039	0.0002873728375193977	0.8863146879200595
2040	0.0002873728375193977	0.8863032695616184
2041	0.0002873728375193977	0.8862918587703043
2042	0.0002873728375193977	0.8862804537550406
2043	0.0002873728375193977	0.8862690565864388
2044	0.0002873728375193977	0.8862576678283547
2045	0.0002873728375193977	0.8862462871217183
2046	0.0002873728375193977	0.8862349144214973
2047	0.0002873728375193977	0.8862235497549347
2048	0.0002873728375193977	0.8862121931326141
2049	0.0002873728375193977	0.8862008428425744
2050	0.0002873728375193977	0.8861894967303854
2051	0.0002873728375193977	0.8861781601375712
2052	0.0002873728375193977	0.886166832747846
2053	0.0002873728375193977	0.8861555143085551
2054	0.0002873728375193977	0.8861442025772238
2055	0.0002873728375193977	0.8861328967396412
2056	0.0002873728375193977	0.8861216025454746
2057	0.0002873728375193977	0.8861103185895639
2058	0.0002873728375193977	0.8860990440068298
2059	0.0002873728375193977	0.8860877782271992
2060	0.0002873728375193977	0.8860765208379318
2061	0.0002873728375193977	0.8860652708689561
2062	0.0002873728375193977	0.8860540289511222
2063	0.0002873728375193977	0.8860427949051366
2064	0.0002873728375193977	0.8860315685375385
2065	0.0002873728375193977	0.8860203497238841
2066	0.0002873728375193977	0.8860091383889735
2067	0.0002873728375193977	0.8859979344357156
2068	0.0002873728375193977	0.8859867378540867
2069	0.0002873728375193977	0.8859755477232634
2070	0.0002873728375193977	0.8859643647077956
2071	0.0002873728375193977	0.8859531891431716
2072	0.0002873728375193977	0.8859420211940594
2073	0.0002873728375193977	0.8859308520149868
2074	0.0002873728375193977	0.8859196913898706
2075	0.0002873728375193977	0.8859085465279273
2076	0.0002873728375193977	0.8858974081884753
2077	0.0002873728375193977	0.8858862827762145
2078	0.0002873728375193977	0.8858751680034994
2079	0.0002873728375193977	0.8858640626893369
2080	0.0002873728375193977	0.8858529624778544
2081	0.0002873728375193977	0.885841870751876
2082	0.0002873728375193977	0.8858307898346808
2083	0.0002873728375193977	0.8858197185449413
2084	0.0002873728375193977	0.8858086545042885
2085	0.0002873728375193977	0.8857975993924094
2086	0.0002873728375193977	0.8857865526892211
2087	0.0002873728375193977	0.8857755108479689
2088	0.0002873728375193977	0.8857644782014644
2089	0.0002873728375193977	0.8857534540708668
2090	0.0002873728375193977	0.8857424380073374
2091	0.0002873728375193977	0.8857314297040891
2092	0.0002873728375193977	0.8857204289459288
2093	0.0002873728375193977	0.885709435578604
2094	0.0002873728375193977	0.88569844948939
2095	0.0002873728375193977	0.8856874705944036
2096	0.0002873728375193977	0.8856764988301132
2097	0.0002873728375193977	0.8856655338499321
2098	0.0002873728375193977	0.88565457557086
2099	0.0002873728375193977	0.8856436241620734
2100	0.0002873728375193977	0.8856326798381978
2101	0.0002873728375193977	0.8856217427637576
2102	0.0002873728375193977	0.8856108130031944
2103	0.0002873728375193977	0.8855998905717757
2104	0.0002873728375193977	0.8855889754373087
2105	0.0002873728375193977	0.8855780675401884
2106	0.0002873728375193977	0.8855671668095965
2107	0.0002873728375193977	0.8855562730451452
2108	0.0002873728375193977	0.885545386027942
2109	0.0002873728375193977	0.8855345057456537
2110	0.0002873728375193977	0.8855236321919319
2111	0.0002873728375193977	0.8855127653640306
2112	0.007770561526524513	0.8855019024382421
