	AreaRatio	norm_SoilWatVol
0	1.0	0.9992460792261175
1	0.9997126271624805	0.9984957531881719
2	0.9985976205529054	0.9977496734135276
3	0.9948847634921547	0.9970092426154652
4	0.9872406460141387	0.9962768128272335
5	0.9766768205069257	0.9955548843004898
6	0.964503707109604	0.9948471224541929
7	0.948755675613541	0.99415495193677
8	0.9311569630438531	0.993478529007128
9	0.912236335421576	0.9928187995370803
10	0.8936720501178229	0.9921762083046182
11	0.8745789987930341	0.9915506521031635
12	0.8557158457382609	0.9909421249296988
13	0.8391631702971435	0.9903507275550959
14	0.8217138916029657	0.9897755539543822
15	0.8054715788263693	0.9892154448772069
16	0.7887464796827404	0.9886700985870446
17	0.7735731938617162	0.988138757664523
18	0.75896315880223	0.9876209163587
19	0.7446979711477671	0.9871161925324118
20	0.7302258750502902	0.9866238128971474
21	0.7175125007184321	0.9861433171812853
22	0.7045347433760561	0.9856741598607015
23	0.6918903385252027	0.9852158832100666
24	0.6790850048853382	0.9847680909440805
25	0.6672222541525376	0.984330273086752
26	0.6557043508247601	0.9839023453001295
27	0.6446347491235128	0.9834839240156867
28	0.6337720558652796	0.9830748112025318
29	0.623288694752572	0.9826746756197401
30	0.6123915167538364	0.9822832122473292
31	0.6025288809701707	0.9819000137889434
32	0.5932409908615438	0.9815247615619864
33	0.5838381516179091	0.9811571762609725
34	0.57496407839531	0.9807970439017171
35	0.5657221679406862	0.9804440193841519
36	0.5562848439565492	0.9800978063592524
37	0.5476981435714696	0.9797582778343413
38	0.5401000057474568	0.9794251734478597
39	0.5304212885798034	0.9790982737037731
40	0.5222828898212541	0.978777335645358
41	0.5140410368411977	0.9784622012911643
42	0.5057761940341399	0.9781526727183407
43	0.4983159951721363	0.9778486419449329
44	0.48877521696649234	0.9775501136599394
45	0.47864819817230875	0.9772568835992643
46	0.4713834128398184	0.9769687515002012
47	0.4643140410368412	0.9766855176279203
48	0.45437094085867	0.9764070263597725
49	0.44464624403701364	0.9761329404093912
50	0.43768032645554344	0.9758633110281695
51	0.4310247715385942	0.9755980945636135
52	0.42438071153514567	0.9753370691574289
53	0.4170699465486522	0.9750801410985203
54	0.4110006322202425	0.9748271842420214
55	0.4042301281682855	0.9745780546596466
56	0.39672394965227886	0.9743327001365619
57	0.39199954020345995	0.9740910038444272
58	0.37614805448589	0.9738529262200187
59	0.371274211161561	0.973618374470264
60	0.3646991206391172	0.9733872312876019
61	0.35775619288464855	0.9731593154399513
62	0.35350307488936145	0.9729345708583008
63	0.34577849301684005	0.9727129879631295
64	0.3408356802115064	0.9724944684790745
65	0.3363296741192022	0.9722789386292107
66	0.33184665785389966	0.9720663738698996
67	0.3260647163630094	0.9718566225495403
68	0.31997241220759814	0.9716497007089685
69	0.31491465026725673	0.9714454902488999
70	0.3090637392953618	0.9712439652312236
71	0.305258922926605	0.9710450856240923
72	0.3022472555894017	0.9708487432492573
73	0.2988217713661705	0.9706548766813177
74	0.29282142651876547	0.9704634672413776
75	0.2738778090694868	0.9702744752082492
76	0.2689464911776539	0.9700878104954468
77	0.24111730559227543	0.9699034218866297
78	0.2375079027530318	0.9697212650089687
79	0.2343123167998161	0.9695412788729496
80	0.2288637278004483	0.9693633887713796
81	0.22408184378412552	0.9691875125650029
82	0.22004712914535318	0.9690136237524426
83	0.21749525834818093	0.9688417178716917
84	0.2148284384160009	0.9686717999038401
85	0.20950629346514169	0.9685038100238742
86	0.20766710730501753	0.9683376502477046
87	0.20255187079717224	0.9681733602171757
88	0.19552847864819817	0.9680108542243909
89	0.19005689982182883	0.9678501396949556
90	0.18697626300362089	0.9676911659999732
91	0.18486119891947814	0.9675338911960051
92	0.18235530777630898	0.9673782933136739
93	0.1799643657681476	0.9672243467987436
94	0.17744697971147766	0.9670720017129049
95	0.17064199091901833	0.9669212713937784
96	0.16809012012184607	0.9667721302669484
97	0.15345709523535836	0.9666245066024669
98	0.15053738720616128	0.9664783463983997
99	0.14862923156503247	0.9663336386738038
100	0.146755560664406	0.966190391435471
101	0.14223805965860106	0.966048601075036
102	0.13551353526064716	0.9659082424945468
103	0.13318006781998964	0.9657692429048422
104	0.13090407494683604	0.965631591395597
105	0.12857060750617852	0.9654952684301218
106	0.12678889591355824	0.9653602258450957
107	0.12516811310994885	0.965226446066162
108	0.12371975400885109	0.9650939319102754
109	0.12271969653428358	0.9649626686412437
110	0.11794930743146158	0.9648326274116177
111	0.10561526524512903	0.9647038011109907
112	0.10481062130007472	0.9645761706482118
113	0.10223576067590091	0.9644496996844591
114	0.10060348295879074	0.9643243898862129
115	0.09920110351169607	0.9642002319503085
116	0.09271797229725846	0.9640772143638824
117	0.0921317317087189	0.9639553244992913
118	0.09038450485660095	0.9638345296845748
119	0.08851083395597448	0.9637148196498831
120	0.08590148859129836	0.9635961605060418
121	0.08307373987010748	0.963478516557566
122	0.08074027242944996	0.9633618715781433
123	0.08030346571642048	0.9632462080403327
124	0.07922294384734754	0.9631315280883184
125	0.07770561526524512	0.9630178465773311
126	0.07702741536869935	0.9629051574159256
127	0.0760503477211334	0.962793398355657
128	0.07545261221909305	0.9626825825232739
129	0.07378584976148055	0.9625726653150708
130	0.07329156848094719	0.9624636362788871
131	0.0674176676820507	0.9623554920371128
132	0.0666015288234956	0.9622482445379242
133	0.06569343065693431	0.9621418887699278
134	0.06515316972239783	0.9620364001654932
135	0.06468187826886602	0.96193174174322
136	0.06441749525834818	0.9618278857108323
137	0.06401517328582103	0.9617248183883818
138	0.06350939709178688	0.9616225332876747
139	0.0630725903787574	0.9615209866945857
140	0.06271624806023335	0.9614202005317435
141	0.06223346169320076	0.9613201827827612
142	0.04595666417610207	0.9612209481221521
143	0.043393298465429046	0.9611224747200705
144	0.04316340019541353	0.9610247493815558
145	0.04291051209839646	0.9609277504026286
146	0.042531179952870854	0.960831452582565
147	0.042174837634346804	0.9607358535174921
148	0.04178401057532042	0.9606409659046928
149	0.04162308178630956	0.9605467596955156
150	0.041358698775791715	0.9604532571403894
151	0.04105983102477154	0.9603604568303203
152	0.04078395310075292	0.9602683385680665
153	0.04064601413874361	0.960176905339309
154	0.040473590436231964	0.9600861241235966
155	0.040255187079717224	0.9599960028323568
156	0.03822058739007989	0.9599065276241869
157	0.03799068912006437	0.9598176924327543
158	0.03725501465601471	0.959729466422864
159	0.036749238461980575	0.9596418686580104
160	0.036542330018966604	0.9595548846821739
161	0.03576067590091384	0.9594685363900034
162	0.03540433358238979	0.9593828054482647
163	0.03489855738835565	0.9592976555694469
164	0.0345881947238347	0.9592130697055308
165	0.034450255761825394	0.9591290549291904
166	0.03424334731881143	0.9590456309661837
167	0.03394447956779125	0.9589627783696387
168	0.03369159147077418	0.9588804981706717
169	0.032001839186160126	0.9587987742067177
170	0.03176044600264383	0.9587176070913298
171	0.03162250704063452	0.9586369495979403
172	0.03132363928961435	0.9585568160472123
173	0.031162710500603482	0.9584771689615991
174	0.030990286798091845	0.9583979931141978
175	0.030174147939536756	0.958319311476226
176	0.029220070118972354	0.9582411142061042
177	0.029162595551468475	0.9581633907793422
178	0.02782918558537847	0.9580861611069826
179	0.02763377205586528	0.9580094369551414
180	0.027426863612851314	0.9579331940134382
181	0.027001551813322606	0.9578574163459405
182	0.026806138283809414	0.9577821091421564
183	0.025875050290246566	0.95770727982995
184	0.025748606241738033	0.9576329249664028
185	0.02553020288522329	0.9575590424623994
186	0.02541525375021553	0.9574856376443928
187	0.023231220185068107	0.9574126876744651
188	0.0231392608770619	0.9573401727508749
189	0.02146100350594862	0.9572681062138256
190	0.021415023851945512	0.9571964887936536
191	0.021380539111443185	0.9571252796855547
192	0.02128857980343698	0.9570544936496066
193	0.02125409506293465	0.9569841183276142
194	0.02103569170641991	0.9569141404049215
195	0.0209437323984137	0.9568445807776557
196	0.019828725788838437	0.9567754086300849
197	0.019472383470314387	0.9567066313690633
198	0.019437898729812057	0.9566382347098449
199	0.01940341398930973	0.9565702446554041
200	0.018863153054773263	0.9565026618934362
201	0.018805678487269384	0.9564354618660991
202	0.018748203919765505	0.9563686499965259
203	0.01866773952526007	0.9563022241250252
204	0.01831139720673602	0.9562361805673899
205	0.018253922639232138	0.9561705085172921
206	0.018207942985229035	0.9561052187708408
207	0.01704695672165067	0.9560402984106653
208	0.01701247198114834	0.9559757415823871
209	0.01698948215414679	0.9559115548393751
210	0.016943502500143686	0.9558477206164416
211	0.016863038105638255	0.9557842251700713
212	0.016828553365135928	0.9557210782117976
213	0.01673659405712972	0.9556582699249607
214	0.016633139835622736	0.9555958076640075
215	0.016610150008621184	0.9555336785782531
216	0.016449221219610323	0.9554718871772973
217	0.016380251738605668	0.9554104372002423
218	0.016357261911604117	0.9553493132348888
219	0.016242312776596355	0.9552885328678987
220	0.015931950112075408	0.9552280867465865
221	0.01572504166906144	0.9551679619422748
222	0.015633082361055234	0.9551081553861375
223	0.01552962813954825	0.955048656111004
224	0.015495143399045922	0.9549894604730554
225	0.015483648485545147	0.9549305571417018
226	0.015403184091039714	0.9548719509918413
227	0.01533421461003506	0.9548136288270042
228	0.015265245129030405	0.9547555899535337
229	0.015173285821024196	0.9546978413812169
230	0.015104316340019542	0.954640393364226
231	0.015058336686016438	0.954583237736669
232	0.015012357032013333	0.9545263730538492
233	0.01477096384849704	0.954469804400223
234	0.01471348928099316	0.9544135123438452
235	0.014656014713489282	0.9543575090238912
236	0.014460601183976091	0.9543017829228042
237	0.014414621529972986	0.9542463281703157
238	0.014081269038450486	0.95419112913885
239	0.014081269038450486	0.9541361981181622
240	0.013966319903442726	0.9540815133474252
241	0.01395482498994195	0.9540270751121713
242	0.013713431806425657	0.9539728954267997
243	0.012954767515374447	0.9539189682122726
244	0.012874303120869016	0.9538652955279192
245	0.012839818380366687	0.9538118804958685
246	0.012322547272831772	0.9537587016892618
247	0.012288062532329445	0.9537057824554083
248	0.01224208287832634	0.9536531072293564
249	0.012207598137824013	0.9536006832474807
250	0.012184608310822461	0.9535485072739801
251	0.012150123570320134	0.9534965677151135
252	0.012069659175814701	0.9534448721150108
253	0.012023679521811598	0.9533934242762565
254	0.012012184608310822	0.9533422208888063
255	0.011954710040806943	0.95329126104009
256	0.01190873038680384	0.9532405328953215
257	0.01187424564630151	0.9531900481473514
258	0.011816771078797632	0.9531397981132724
259	0.011782286338295304	0.9530897734958799
260	0.011736306684292201	0.9530399767026703
261	0.011632852462785217	0.9529903971801769
262	0.01159836772228289	0.952941029372493
263	0.011575377895281338	0.9528918727453575
264	0.01151790332777746	0.9528429312007202
265	0.011471923673774354	0.9527942052351852
266	0.011460428760273578	0.952745686988182
267	0.011425944019771251	0.9526973756352258
268	0.011391459279268924	0.9526492593872784
269	0.011368469452267372	0.9526013451864391
270	0.011333984711765045	0.9525536301617488
271	0.011310994884763493	0.9525061075531969
272	0.011276510144261164	0.952458793683176
273	0.011265015230760388	0.9524116695483297
274	0.01109259152824875	0.9523647344375384
275	0.011069601701247198	0.9523179918836864
276	0.011046611874245646	0.9522714256573517
277	0.011000632220242543	0.95222505954662
278	0.010943157652738664	0.9521788789252169
279	0.010931662739237888	0.9521328811861567
280	0.010908672912236336	0.9520870613181961
281	0.010862693258233231	0.9520414150099314
282	0.0107822288637278	0.9519959451773669
283	0.010770733950227025	0.9519506598903037
284	0.010747744123225473	0.9519055487730317
285	0.010713259382723146	0.9518606069848214
286	0.010632794988217713	0.9518158368193589
287	0.01058681533421461	0.9517712302199861
288	0.010575320420713834	0.9517267842528833
289	0.010575320420713834	0.9516825149733156
290	0.010517845853209955	0.9516384211235551
291	0.010402896718202196	0.9515944991837304
292	0.010299442496695212	0.9515507436354254
293	0.010253462842692108	0.9515071514681808
294	0.010253462842692108	0.951463724358972
295	0.010218978102189781	0.9514204687108029
296	0.01019598827518823	0.9513773863075706
297	0.010172998448186678	0.9513344776332671
298	0.010161503534685902	0.951291729983348
299	0.010161503534685902	0.9512491511419573
300	0.010127018794183575	0.9512067403976249
301	0.010104028967182021	0.9511644969010955
302	0.010092534053681245	0.9511224167689446
303	0.010058049313178918	0.9510805057713944
304	0.01002356457267659	0.9510387509227963
305	0.009977584918673487	0.9509971494368641
306	0.00994310017817116	0.9509557029076685
307	0.009931605264670384	0.9509144117470181
308	0.009897120524168055	0.9508732708632847
309	0.00988562561066728	0.9508322813026613
310	0.009874130697166503	0.9507914459398297
311	0.009816656129662624	0.9507507517900247
312	0.009782171389160297	0.9507102213044867
313	0.009770676475659521	0.9506698444694757
314	0.009644232427150986	0.950629615037958
315	0.009598252773147882	0.9505895399409593
316	0.00957526294614633	0.9505496141259642
317	0.009563768032645555	0.9505098369690974
318	0.009540778205644003	0.9504702146892553
319	0.009529283292143226	0.9504307418739436
320	0.009529283292143226	0.9503914110745326
321	0.009483303638140123	0.9503522296751961
322	0.009103971492614518	0.9503131908218357
323	0.009080981665612966	0.950274296377644
324	0.00906948675211219	0.9502355434051686
325	0.009057991838611414	0.9501969329622381
326	0.009046496925110638	0.950158473744888
327	0.009035002011609863	0.9501201544285264
328	0.00898902235760676	0.9500819706563528
329	0.008954537617104432	0.9500439189802098
330	0.008931547790102879	0.950006002423459
331	0.008862578309098224	0.9499682125908174
332	0.008851083395597448	0.9499305449836642
333	0.008793608828093569	0.9498930071885514
334	0.008793608828093569	0.9498555904505374
335	0.008782113914592793	0.9498182984999592
336	0.00867865969308581	0.9497811319278755
337	0.008667164779585033	0.9497440935198462
338	0.008667164779585033	0.9497071782179889
339	0.008632680039082706	0.9496703844694612
340	0.00862118512558193	0.9496337145480871
341	0.008586700385079603	0.949597165051284
342	0.008586700385079603	0.9495607310436275
343	0.008540720731076498	0.9495244234439713
344	0.008529225817575722	0.9494882270786894
345	0.00842577159606874	0.949452141563593
346	0.008402781769067188	0.9494161694973696
347	0.00836829702856486	0.9493803129180753
348	0.008345307201563307	0.9493445765618166
349	0.008322317374561756	0.9493089596512694
350	0.008299327547560204	0.9492734649583148
351	0.008276337720558653	0.9492380838154298
352	0.008241852980056325	0.9492028230584354
353	0.008207368239553998	0.9491676761574611
354	0.008195873326053222	0.9491326450471517
355	0.008138398758549341	0.949097726882124
356	0.008138398758549341	0.9490629216206542
357	0.00811540893154779	0.9490282243839131
358	0.007931490315535375	0.9489936495811885
359	0.007931490315535375	0.9489591861306733
360	0.0079199954020346	0.9489248301242067
361	0.0079199954020346	0.9488905846913731
362	0.007897005575033048	0.9488564498418185
363	0.007885510661532272	0.948822427253587
364	0.007874015748031496	0.9487885145699168
365	0.007851025921029944	0.9487547119874135
366	0.007851025921029944	0.9487210114391609
367	0.007816541180527617	0.9486874122341992
368	0.00780504626702684	0.9486539162078069
369	0.0077935513535260644	0.9486205279023232
370	0.007759066613023737	0.9485872361314702
371	0.007747571699522961	0.9485540437134462
372	0.007736076786022185	0.9485209537214548
373	0.007701592045519857	0.9484879572609977
374	0.007701592045519857	0.9484550577361675
375	0.007690097132019081	0.9484222543568389
376	0.00766710730501753	0.948389547643185
377	0.007644117478015978	0.9483569284957086
378	0.0076211276510144265	0.948324402883999
379	0.0076211276510144265	0.9482919713411632
380	0.00760963273751365	0.9482596349400653
381	0.007575147997011322	0.9482273913221312
382	0.007575147997011322	0.9481952447933343
383	0.007563653083510547	0.94816319078409
384	0.007494683602505891	0.9481312351715124
385	0.007483188689005115	0.9480993685693888
386	0.0074601988620035635	0.9480676017825191
387	0.007448703948502788	0.9480359285467626
388	0.007437209035002012	0.9480043423161946
389	0.007402724294499684	0.9479728505892805
390	0.007391229380998908	0.9479414479535547
391	0.007391229380998908	0.9479101403189397
392	0.007379734467498132	0.947878919640513
393	0.007379734467498132	0.9478477871266736
394	0.007368239553997356	0.9478167459170059
395	0.007322259899994253	0.9477857908567521
396	0.007310764986493476	0.9477549272535343
397	0.007310764986493476	0.947724160587738
398	0.007276280245991149	0.9476934892886487
399	0.007276280245991149	0.9476629127344465
400	0.007264785332490373	0.9476324241997774
401	0.007253290418989597	0.9476020265875115
402	0.007115351456980286	0.9475717178933819
403	0.007092361629978734	0.9475414942678523
404	0.007057876889476407	0.9475113635721991
405	0.007057876889476407	0.9474813247955055
406	0.0070233921489740786	0.9474513670208546
407	0.0070233921489740786	0.9474214950352763
408	0.006988907408471751	0.9473917094281904
409	0.0069659175814701995	0.9473620055666031
410	0.0069659175814701995	0.9473323829894198
411	0.0069659175814701995	0.947302847568471
412	0.006954422667969424	0.9472733953624995
413	0.006931432840967872	0.9472440233886688
414	0.006885453186964768	0.9472147269035008
415	0.006873958273463992	0.9471855132859106
416	0.006873958273463992	0.9471563797750427
417	0.006862463359963216	0.9471273233413838
418	0.006850968446462441	0.9470983417999916
419	0.006827978619460888	0.9470694355985957
420	0.006827978619460888	0.9470406063836617
421	0.006827978619460888	0.9470118572626837
422	0.006816483705960112	0.9469831846555761
423	0.0068049887924593365	0.9469545880688706
424	0.0068049887924593365	0.9469260659331389
425	0.006793493878958561	0.9468976156697
426	0.006781998965457785	0.9468692360434157
427	0.006770504051957009	0.9468409285987908
428	0.006736019311454682	0.9468126960708421
429	0.006724524397953905	0.9467845446373925
430	0.006724524397953905	0.9467564650311541
431	0.006713029484453129	0.9467284575506627
432	0.006713029484453129	0.9467005180673794
433	0.006701534570952353	0.9466726569900484
434	0.006701534570952353	0.9466448778543655
435	0.006448646473935284	0.9466171742030988
436	0.006414161733432956	0.9465895416037975
437	0.006391171906431404	0.9465619822106387
438	0.006391171906431404	0.946534494970599
439	0.006391171906431404	0.9465070776605737
440	0.006345192252428301	0.9464797278114596
441	0.006345192252428301	0.9464524466090815
442	0.006333697338927524	0.9464252330217716
443	0.006299212598425197	0.9463980876228721
444	0.006287717684924421	0.9463710043050546
445	0.0062532329444220935	0.9463439813084166
446	0.0062532329444220935	0.9463170230207308
447	0.0062532329444220935	0.9462901322870236
448	0.0062532329444220935	0.9462633055481475
449	0.006241738030921318	0.9462365441544548
450	0.006230243117420541	0.9462098510061532
451	0.0062072532904189895	0.9461832264034494
452	0.0062072532904189895	0.9461566701658193
453	0.0062072532904189895	0.9461301786666324
454	0.0062072532904189895	0.9461037515656556
455	0.006195758376918214	0.9460773857625724
456	0.006184263463417438	0.946051081763319
457	0.006172768549916662	0.946024840797172
458	0.006172768549916662	0.9459986646216938
459	0.00614977872291511	0.9459725524856324
460	0.006115293982412782	0.9459465063212762
461	0.006103799068912006	0.9459205194912621
462	0.006080809241910455	0.9458945919241764
463	0.006069314328409679	0.945868726578714
464	0.006069314328409679	0.9458429234594243
465	0.006069314328409679	0.9458171804397625
466	0.006046324501408127	0.9457915052179735
467	0.006034829587907351	0.9457658911571436
468	0.006023334674406575	0.9457403425954047
469	0.005965860106902696	0.9457148576472958
470	0.00595436519340192	0.9456894331501973
471	0.00595436519340192	0.9456640645037092
472	0.0057129720098856255	0.9456387528338299
473	0.00570147709638485	0.9456134978904129
474	0.005678487269383298	0.9455883044843334
475	0.005678487269383298	0.945563167371459
476	0.005666992355882522	0.9455380863339077
477	0.00564400252888097	0.9455130641464194
478	0.005632507615380194	0.9454880958638749
479	0.005621012701879418	0.9454631810344104
480	0.005506063566871659	0.9454383207783252
481	0.005483073739870108	0.9454135108808851
482	0.005448588999367779	0.9453887558909764
483	0.005425599172366228	0.9453640607363397
484	0.005425599172366228	0.9453394228799195
485	0.005425599172366228	0.9453148433462301
486	0.005414104258865452	0.945290325268439
487	0.005402609345364676	0.9452658629141872
488	0.0053911144318639	0.945241458251254
489	0.0053796195183631245	0.9452171082423997
490	0.0053796195183631245	0.9451928122967524
491	0.0053796195183631245	0.9451685645222088
492	0.005356629691361573	0.945144370374023
493	0.005345134777860796	0.9451202286379423
494	0.0053336398643600205	0.9450961394397749
495	0.005322144950859245	0.9450721040664659
496	0.005322144950859245	0.9450481252018887
497	0.005310650037358469	0.9450241964731607
498	0.005310650037358469	0.9450003248431051
499	0.005310650037358469	0.9449765040074927
500	0.005299155123857693	0.9449527390522924
501	0.005276165296856141	0.944929021130344
502	0.005276165296856141	0.9449053526957621
503	0.005264670383355366	0.9448817354611596
504	0.005253175469854589	0.9448581672979732
505	0.005241680556353813	0.9448346454912424
506	0.005230185642853037	0.9448111714470427
507	0.005230185642853037	0.944787738816678
508	0.005103741594344503	0.9447643613712202
509	0.005092246680843727	0.9447410409658401
510	0.005080751767342951	0.9447177719014762
511	0.005080751767342951	0.9446945548130387
512	0.005080751767342951	0.9446713887945499
513	0.005069256853842175	0.9446482669935774
514	0.005069256853842175	0.9446251986165151
515	0.0050577619403413985	0.9446021739948319
516	0.0050577619403413985	0.9445792026632692
517	0.0050577619403413985	0.9445562819342946
518	0.005046267026840623	0.9445334059990834
519	0.005011782286338295	0.9445105783133299
520	0.005011782286338295	0.9444878016569604
521	0.0050002873728375195	0.9444650782782189
522	0.0050002873728375195	0.9444424037637302
523	0.004977297545835968	0.9444197773748312
524	0.004977297545835968	0.9443971996523794
525	0.004954307718834415	0.944374677094404
526	0.004954307718834415	0.9443522049302159
527	0.004954307718834415	0.9443297819810424
528	0.004954307718834415	0.9443074074223698
529	0.004954307718834415	0.944285078971517
530	0.00494281280533364	0.9442627953842682
531	0.004931317891832864	0.9442405540307603
532	0.004931317891832864	0.9442183604488508
533	0.004793378929823553	0.9441962137212162
534	0.004793378929823553	0.9441741093595591
535	0.004793378929823553	0.9441520497907896
536	0.004793378929823553	0.9441300348982357
537	0.004770389102822002	0.9441080636527738
538	0.004770389102822002	0.9440861403734154
539	0.004770389102822002	0.9440642617840769
540	0.004758894189321225	0.944042420120331
541	0.004758894189321225	0.944020626275675
542	0.004758894189321225	0.9439988756269859
543	0.004758894189321225	0.9439771677964127
544	0.004758894189321225	0.943955504796309
545	0.004758894189321225	0.9439338859408329
546	0.004758894189321225	0.9439123112256654
547	0.004747399275820449	0.9438907753292038
548	0.004747399275820449	0.9438692801606667
549	0.004735904362319673	0.9438478262993796
550	0.004724409448818898	0.9438264081248317
551	0.004712914535318122	0.9438050299521671
552	0.004701419621817346	0.9437836932832523
553	0.004701419621817346	0.9437623961830187
554	0.00468992470831657	0.943741138182581
555	0.00468992470831657	0.9437199189687063
556	0.00468992470831657	0.9436987397187745
557	0.00468992470831657	0.943677599568842
558	0.004528995919305707	0.9436564982954834
559	0.004528995919305707	0.9436354396090493
560	0.004517501005804931	0.9436144253021577
561	0.004517501005804931	0.9435934511521777
562	0.004517501005804931	0.9435725206802337
563	0.004517501005804931	0.9435516371294717
564	0.004517501005804931	0.9435307956052637
565	0.004517501005804931	0.9435099952905066
566	0.004517501005804931	0.943489233807732
567	0.004517501005804931	0.9434685111138816
568	0.004517501005804931	0.9434478303300277
569	0.00449451117880338	0.9434271883035004
570	0.00449451117880338	0.9434065814367496
571	0.004471521351801828	0.9433860089992337
572	0.004471521351801828	0.9433654685643522
573	0.0044600264383010515	0.9433449655552002
574	0.004448531524800276	0.9433244964428099
575	0.004448531524800276	0.9433040617980005
576	0.004448531524800276	0.9432836646388333
577	0.0044370366112995	0.9432632995599343
578	0.0044370366112995	0.9432429728729238
579	0.0044370366112995	0.9432226828477109
580	0.004414046784297948	0.9432024316406844
581	0.004414046784297948	0.943182216064919
582	0.004034714638772343	0.9431620381329787
583	0.004034714638772343	0.9431418967728605
584	0.004023219725271567	0.9431217859380219
585	0.004023219725271567	0.9431017099197425
586	0.004023219725271567	0.9430816737113998
587	0.004023219725271567	0.9430616743599356
588	0.004011724811770792	0.9430417139404743
589	0.004011724811770792	0.9430217889467235
590	0.004011724811770792	0.9430019014643025
591	0.004011724811770792	0.9429820525556762
592	0.004011724811770792	0.9429622384746065
593	0.00398873498476924	0.9429424608913358
594	0.00398873498476924	0.9429227209613862
595	0.0039657451577676875	0.9429030171708743
596	0.0039657451577676875	0.942883350062137
597	0.0039657451577676875	0.942863724047407
598	0.003954250244266912	0.942844135526308
599	0.003942755330766136	0.9428245826408347
600	0.003919765503764584	0.9428050654763263
601	0.0039082705902638085	0.9427855820727916
602	0.0039082705902638085	0.9427661350103826
603	0.0039082705902638085	0.9427467210143752
604	0.0039082705902638085	0.9427273440143407
605	0.0039082705902638085	0.9427080008760413
606	0.0039082705902638085	0.9426886932920513
607	0.0038852807632622564	0.9426694203677599
608	0.0038852807632622564	0.9426501833191748
609	0.0038852807632622564	0.9426309815746635
610	0.0038852807632622564	0.9426118119116335
611	0.0038852807632622564	0.9425926847928493
612	0.0038737858497614806	0.9425735914889923
613	0.0038737858497614806	0.9425545361796899
614	0.003862290936260705	0.9425355177229607
615	0.003862290936260705	0.9425165333521921
616	0.003862290936260705	0.9424975823220706
617	0.003862290936260705	0.9424786653265558
618	0.003862290936260705	0.9424597832039008
619	0.003862290936260705	0.9424409337532854
620	0.003862290936260705	0.9424221166487063
621	0.003862290936260705	0.9424033295308751
622	0.003862290936260705	0.9423845751797087
623	0.003862290936260705	0.9423658533000119
624	0.0038507960227599286	0.9423471614982378
625	0.0038393011092591528	0.942328500482813
626	0.0038393011092591528	0.9423098693694094
627	0.003816311282257601	0.9422912672857833
628	0.003804816368756825	0.9422726975359854
629	0.003793321455256049	0.9422541608523786
630	0.003793321455256049	0.9422356537838794
631	0.0037818265417552733	0.9422171770042523
632	0.0037818265417552733	0.9421987304389571
633	0.0037818265417552733	0.9421803155706985
634	0.0037703316282544975	0.9421619311765442
635	0.0037703316282544975	0.9421435767779515
636	0.0037588367147537213	0.942125255869091
637	0.0037588367147537213	0.94210696594942
638	0.0037588367147537213	0.9420887086031505
639	0.0037588367147537213	0.9420704820960734
640	0.0037588367147537213	0.9420522865242794
641	0.0037588367147537213	0.9420341175139948
642	0.0037588367147537213	0.9420159783772611
643	0.0037588367147537213	0.941997874129485
644	0.0037358468877521697	0.9419797992197707
645	0.003724351974251394	0.9419617579126509
646	0.003712857060750618	0.9419437491777152
647	0.003712857060750618	0.9419257702604856
648	0.003712857060750618	0.9419078204481686
649	0.003712857060750618	0.9418899002252838
650	0.003712857060750618	0.9418720088524467
651	0.00367837232024829	0.9418541446105175
652	0.003586413012242083	0.941836309562378
653	0.003586413012242083	0.9418185030371199
654	0.003586413012242083	0.9418007236076696
655	0.003574918098741307	0.9417829741718575
656	0.003574918098741307	0.9417652546315458
657	0.003574918098741307	0.9417475650892311
658	0.003574918098741307	0.941729904700144
659	0.003574918098741307	0.9417122719357226
660	0.003574918098741307	0.9416946671843353
661	0.003574918098741307	0.9416770897210609
662	0.003574918098741307	0.9416595386170351
663	0.003574918098741307	0.9416420168601717
664	0.003574918098741307	0.9416245223614306
665	0.003574918098741307	0.941607057156968
666	0.003574918098741307	0.9415896189819252
667	0.003574918098741307	0.9415722103331654
668	0.0035634231852405313	0.9415548285182792
669	0.003551928271739755	0.9415374707177055
670	0.003551928271739755	0.941520142152075
671	0.003551928271739755	0.9415028412902811
672	0.003551928271739755	0.9414855676773612
673	0.003551928271739755	0.9414683218817289
674	0.003551928271739755	0.9414511061753675
675	0.003551928271739755	0.9414339138688869
676	0.0035404333582389792	0.9414167524409047
677	0.0035404333582389792	0.9413996210099849
678	0.003471463877234324	0.9413825168939853
679	0.0034599689637335477	0.9413654424601232
680	0.003448474050232772	0.941348397080126
681	0.003448474050232772	0.941331379291955
682	0.003448474050232772	0.9413143909874495
683	0.0034024943962296683	0.9412974338188229
684	0.0033909994827288925	0.9412805049346604
685	0.0033909994827288925	0.9412636043103413
686	0.0033909994827288925	0.9412467309250804
687	0.0033909994827288925	0.9412298867830885
688	0.0033909994827288925	0.9412130709639852
689	0.0033795045692281167	0.9411962849081785
690	0.0033795045692281167	0.9411795241014328
691	0.0033795045692281167	0.941162792892821
692	0.0033795045692281167	0.9411460904634327
693	0.0033795045692281167	0.9411294158078589
694	0.0033795045692281167	0.9411127692530624
695	0.0033795045692281167	0.9410961514234507
696	0.0033795045692281167	0.9410795613964535
697	0.0033795045692281167	0.9410629979799278
698	0.003368009655727341	0.9410464576646065
699	0.003368009655727341	0.9410299430226523
700	0.003368009655727341	0.9410134545125896
701	0.003368009655727341	0.9409969893908385
702	0.0033565147422265646	0.940980553596146
703	0.0033565147422265646	0.9409641469833615
704	0.0033565147422265646	0.9409477683677205
705	0.0033565147422265646	0.9409314174382613
706	0.0033565147422265646	0.9409150942507487
707	0.003345019828725789	0.9408987977911671
708	0.003345019828725789	0.9408825285201156
709	0.003345019828725789	0.9408662837491335
710	0.003333524915225013	0.9408500658656324
711	0.003333524915225013	0.9408338735435248
712	0.003333524915225013	0.9408177036062412
713	0.003333524915225013	0.9408015585510731
714	0.003333524915225013	0.9407854386788497
715	0.003333524915225013	0.9407693433811223
716	0.003333524915225013	0.9407532761465563
717	0.003333524915225013	0.940737235390915
718	0.003333524915225013	0.9407212196343905
719	0.003333524915225013	0.9407052290172587
720	0.003333524915225013	0.9406892627648477
721	0.003322030001724237	0.9405936064094629
722	0.0032760503477211335	0.940498786059625
723	0.0032530605207195815	0.9404047907385573
724	0.003195585953215702	0.9403114970066924
725	0.0031725961262141504	0.9402191260190798
726	0.0031266164722110468	0.9401273752182577
727	0.0031151215587102705	0.9400364710228575
728	0.0030001724237025116	0.9399461805138248
729	0.002839243634691649	0.9398567827510542
730	0.002804758894189321	0.9397678390301761
731	0.0027702741536869933	0.9396798414936133
732	0.0027472843266854417	0.939592332222516
733	0.002632335191677683	0.9395058451833184
734	0.0026208402781769066	0.939419784164476
735	0.002597850451175355	0.939334679887123
736	0.002586355537674579	0.9392500468610482
737	0.0025403758836714755	0.9391661586435917
738	0.002494396229668372	0.9390827250420463
739	0.002459911489166044	0.9390001006090879
740	0.002425426748663716	0.9389180689096729
741	0.002425426748663716	0.9388367434000008
742	0.002425426748663716	0.938756136777104
743	0.0024024369216621645	0.938676056451949
744	0.0023909420081613887	0.9385968129765868
745	0.0023794470946606125	0.9385180074158389
746	0.0023794470946606125	0.9384399763016258
747	0.0023679521811598367	0.9383623488064681
748	0.002356457267659061	0.938285527871319
749	0.002344962354158285	0.9382090873941983
750	0.002321972527156733	0.9381333994937353
751	0.0022874877866544056	0.9380580167487071
752	0.0021725386516466463	0.9379834084814923
753	0.0021725386516466463	0.9379091595743336
754	0.0021495488246450947	0.9378356057264459
755	0.002103569170641991	0.9377623782455458
756	0.002092074257141215	0.9376898778884452
757	0.002069084430139663	0.937617774906902
758	0.0020575895166388873	0.937546259015482
759	0.0020575895166388873	0.9374751597161919
760	0.0020460946031381115	0.9374046745922814
761	0.0020345996896373353	0.9373345180598215
762	0.0020231047761365595	0.9372650400764864
763	0.002000114949135008	0.937195792101538
764	0.002000114949135008	0.9371272136117335
765	0.0019886200356342316	0.937058843557043
766	0.0019886200356342316	0.9369910936675826
767	0.001977125122133456	0.9369235723837338
768	0.00196563020863268	0.9368566973377745
769	0.0019541352951319042	0.9367900207746243
770	0.0019541352951319042	0.9367239529868145
771	0.0019541352951319042	0.9366580734680946
772	0.0019426403816311282	0.9365927774112701
773	0.0019311454681303524	0.9365276882135193
774	0.0019081556411288006	0.9364632039147099
775	0.0019081556411288006	0.936398884018434
776	0.0018966607276280246	0.9363351405014478
777	0.0018966607276280246	0.9362715740885362
778	0.0018736709006264727	0.9362085781370868
779	0.0018736709006264727	0.9361457356451506
780	0.0018736709006264727	0.9360835488114022
781	0.0018736709006264727	0.9360215697369709
782	0.001862175987125697	0.9359601489553787
783	0.001862175987125697	0.9358988818090295
784	0.001850681073624921	0.9358381196772462
785	0.001850681073624921	0.9357775661009438
786	0.001839186160124145	0.9357174803803516
787	0.001827691246623369	0.935657508878191
788	0.001827691246623369	0.935598101440712
789	0.0018047014196218172	0.9355388091983923
790	0.0018047014196218172	0.9354799955115308
791	0.0018047014196218172	0.9354213255060196
792	0.0017932065061210414	0.9353631642472875
793	0.0017702166791194896	0.935305102806129
794	0.0017702166791194896	0.9352475585914358
795	0.0017702166791194896	0.9351900907202013
796	0.0017587217656187138	0.9351331540430703
797	0.0017587217656187138	0.9350765413576254
798	0.0017472268521179378	0.9350202300619838
799	0.001735731938617162	0.9349640345848114
800	0.0017012471981148341	0.9349081362115851
801	0.0017012471981148341	0.9348526583679148
802	0.0016897522846140583	0.9347974617728445
803	0.0016897522846140583	0.9347425036212931
804	0.0016782573711132823	0.9346878398620754
805	0.0016667624576125065	0.9346333483654912
806	0.0016667624576125065	0.934579240818791
807	0.0016552675441117305	0.9345252473667812
808	0.0016437726306109547	0.9344716466215
809	0.0016322777171101787	0.9344182080273266
810	0.0016322777171101787	0.9343650552235456
811	0.0016322777171101787	0.9343121008745687
812	0.0016207828036094028	0.9342594687083988
813	0.0016207828036094028	0.9342069807418479
814	0.0016207828036094028	0.934154804967892
815	0.0016207828036094028	0.9341028423079865
816	0.001609287890108627	0.9340511848266497
817	0.001609287890108627	0.9339997091140365
818	0.001609287890108627	0.9339485148372529
819	0.001609287890108627	0.9338975080535794
820	0.001597792976607851	0.9338467581405104
821	0.001597792976607851	0.9337961869857473
822	0.001597792976607851	0.9337459823752325
823	0.001597792976607851	0.9336959758010998
824	0.0015748031496062992	0.9336461841177363
825	0.0015748031496062992	0.9335966026139587
826	0.0015403184091039716	0.93354728355476
827	0.0015403184091039716	0.93349813033064
828	0.0015403184091039716	0.9334492667533363
829	0.0015288234956031955	0.9334005420677971
830	0.0015173285821024197	0.9333521947715815
831	0.0015173285821024197	0.9333038894056388
832	0.0015173285821024197	0.9332559208530656
833	0.0015173285821024197	0.9332080185588231
834	0.0015058336686016437	0.9331604742548265
835	0.001494338755100868	0.9331129582884704
836	0.001494338755100868	0.9330657692624884
837	0.001494338755100868	0.9330186586198372
838	0.001494338755100868	0.9329719267534693
839	0.001494338755100868	0.932925207106171
840	0.001494338755100868	0.9328788856363115
841	0.001471348928099316	0.932832545003317
842	0.001471348928099316	0.9327866419934964
843	0.0014368641875969882	0.9327407128388794
844	0.0014253692740962124	0.9326951441366064
845	0.0014138743605954366	0.9326496410619356
846	0.0014138743605954366	0.9326045059781183
847	0.0012759353985861257	0.9325594123607345
848	0.0012529455715845738	0.9325146671621998
849	0.0012529455715845738	0.9324699432908338
850	0.0012529455715845738	0.9324255337355905
851	0.0012529455715845738	0.9323811875344523
852	0.001241450658083798	0.9323372376540637
853	0.001241450658083798	0.9322932307994676
854	0.001241450658083798	0.9322495648403524
855	0.001241450658083798	0.9322059044667925
856	0.001241450658083798	0.9321625232020555
857	0.001241450658083798	0.9321192097619747
858	0.001241450658083798	0.9320761915958584
859	0.001241450658083798	0.9320332603807994
860	0.001241450658083798	0.9319906021912605
861	0.001241450658083798	0.9319479943300485
862	0.0012184608310822462	0.9319056499039284
863	0.0012069659175814702	0.9318633727843864
864	0.0011954710040806944	0.931821358955865
865	0.0011954710040806944	0.9317793780060682
866	0.0011954710040806944	0.9317376846666877
867	0.0011954710040806944	0.9316960374642975
868	0.0011954710040806944	0.9316547029441791
869	0.0011724811770791425	0.9316133739701572
870	0.0011609862635783665	0.9315723391969112
871	0.0011494913500775907	0.9315313255989146
872	0.0011494913500775907	0.9314906278770595
873	0.0011494913500775907	0.9314499552667631
874	0.0011494913500775907	0.9314095476976784
875	0.0011379964365768147	0.9313691800934085
876	0.0011379964365768147	0.9313290966673996
877	0.0011265015230760389	0.9312890154831539
878	0.0011265015230760389	0.9312492190346703
879	0.0011265015230760389	0.9312094341795152
880	0.0011265015230760389	0.9311699276287075
881	0.0011265015230760389	0.9311304277127489
882	0.0011265015230760389	0.9310912415816877
883	0.0011265015230760389	0.9310520746503024
884	0.0010460371285706076	0.9310131797372718
885	0.0010460371285706076	0.9309743000975751
886	0.0010460371285706076	0.9309356880324745
887	0.0010460371285706076	0.9308970591482413
888	0.0010460371285706076	0.9308587076103253
889	0.0010460371285706076	0.9308203833970444
890	0.0010460371285706076	0.9307823126100527
891	0.0010230473015690558	0.9307442611855088
892	0.0010115523880682797	0.9307064768717197
893	0.0010115523880682797	0.9306687100825203
894	0.0010115523880682797	0.9306312342006292
895	0.0010115523880682797	0.9305937389779387
896	0.0010115523880682797	0.930556501217505
897	0.0010115523880682797	0.9305192712741259
898	0.0010115523880682797	0.9304822789289021
899	0.0010115523880682797	0.9304452780468829
900	0.0010115523880682797	0.9304085188804432
901	0.0010115523880682797	0.9303717401105301
902	0.0010115523880682797	0.9303352079593636
903	0.0010115523880682797	0.9302987011442091
904	0.0010115523880682797	0.9302623922996336
905	0.001000057474567504	0.9302260638986147
906	0.001000057474567504	0.9301899719057081
907	0.000988562561066728	0.9301538854463219
908	0.000988562561066728	0.9301180193015058
909	0.000988562561066728	0.9300821589036954
910	0.0009770676475659521	0.9300465121592489
911	0.0009770676475659521	0.9300108875506855
912	0.0009770676475659521	0.9299754455546235
913	0.0009770676475659521	0.9299400195979153
914	0.0009655727340651762	0.9299048164412236
915	0.0009540778205644003	0.9298695736103331
916	0.0009310879935628485	0.9298346423561402
917	0.0009310879935628485	0.9297997179257517
918	0.0009310879935628485	0.9297650324110838
919	0.0009310879935628485	0.9297303024112147
920	0.0009310879935628485	0.9296958144872669
921	0.0009310879935628485	0.929661362496742
922	0.0009310879935628485	0.9296271201775242
923	0.0009310879935628485	0.9295928322299253
924	0.0009310879935628485	0.9295587772996442
925	0.0009310879935628485	0.9295247312364372
926	0.0009310879935628485	0.9294908708282622
927	0.0009310879935628485	0.9294570499038102
928	0.0009310879935628485	0.929423416902074
929	0.0009310879935628485	0.9293897706561606
930	0.0009310879935628485	0.9293563207969269
931	0.0009310879935628485	0.9293228911849589
932	0.0009080981665612966	0.92928967789155
933	0.0009080981665612966	0.9292564065586054
934	0.0008966032530605207	0.9292233585423103
935	0.0008966032530605207	0.9291903371750425
936	0.0008966032530605207	0.9291575601356369
937	0.0008966032530605207	0.9291247135291512
938	0.0008966032530605207	0.9290920771922097
939	0.0008966032530605207	0.9290594649193905
940	0.0008966032530605207	0.9290270675008778
941	0.0008966032530605207	0.9289945914542838
942	0.0008851083395597448	0.928962337691892
943	0.0008736134260589689	0.9289301177633245
944	0.0008736134260589689	0.9288981065454422
945	0.000862118512558193	0.9288659980208883
946	0.000862118512558193	0.9288341097542143
947	0.000862118512558193	0.928802261674452
948	0.000862118512558193	0.9287705862819339
949	0.000862118512558193	0.9287388599989804
950	0.000862118512558193	0.928707330751064
951	0.000862118512558193	0.9286758515879886
952	0.000862118512558193	0.9286445898435064
953	0.000862118512558193	0.92861330193156
954	0.000862118512558193	0.9285821692477364
955	0.000862118512558193	0.9285510575827252
956	0.0008506235990574171	0.9285201426948921
957	0.0008506235990574171	0.928489197760725
958	0.0008506235990574171	0.9284584219125984
959	0.0008506235990574171	0.9284276540361799
960	0.0008506235990574171	0.928397070840554
961	0.0008391286855566412	0.9283664600219105
962	0.0008391286855566412	0.9283360370719731
963	0.0008391286855566412	0.9283055933096207
964	0.0008391286855566412	0.9282753401064823
965	0.0008276337720558652	0.9282450865682891
966	0.0008276337720558652	0.9282149878396107
967	0.0008276337720558652	0.9281849069352087
968	0.0008276337720558652	0.9281550121048374
969	0.0008276337720558652	0.9281250960591492
970	0.0008276337720558652	0.9280953756901452
971	0.0008276337720558652	0.9280656332236744
972	0.0008161388585550893	0.9280360659138154
973	0.0008161388585550893	0.9280064762948236
974	0.0008161388585550893	0.9279770677160051
975	0.0008161388585550893	0.9279476122958412
976	0.0008161388585550893	0.927918354295691
977	0.0008161388585550893	0.9278890575033268
978	0.0008161388585550893	0.9278599609539427
979	0.0008161388585550893	0.9278308325382587
980	0.0008161388585550893	0.9278018912872228
981	0.0008161388585550893	0.9277728912548275
982	0.0008161388585550893	0.9277441249906853
983	0.0008161388585550893	0.9277152859458334
984	0.0008161388585550893	0.9276866545328255
985	0.0008046439450543135	0.9276579714301012
986	0.0008046439450543135	0.927629489973552
987	0.0008046439450543135	0.927600964585846
988	0.0008046439450543135	0.9275726285294011
989	0.0008046439450543135	0.9275442329269158
990	0.0008046439450543135	0.9275160289341927
991	0.0008046439450543135	0.9274877755442906
992	0.0008046439450543135	0.9274597105609611
993	0.0007931490315535376	0.9274315943548389
994	0.0007931490315535376	0.9274037031491321
995	0.0007931490315535376	0.9273757649073189
996	0.0007931490315535376	0.9273480222279771
997	0.0007816541180527617	0.9273202308719269
998	0.0007816541180527617	0.9272926479560252
999	0.0007816541180527617	0.9272650046326065
1000	0.0007816541180527617	0.9272375650469953
1001	0.0007816541180527617	0.9272100641321437
1002	0.0007701592045519858	0.9271827490418837
1003	0.0007701592045519858	0.927155381519815
1004	0.0007586642910512099	0.9271281991554338
1005	0.0007586642910512099	0.9271009491715844
1006	0.0007586642910512099	0.9270738919425806
1007	0.0007586642910512099	0.9270467739552926
1008	0.0007586642910512099	0.9270198294128057
1009	0.0007586642910512099	0.9269928370094312
1010	0.0007586642910512099	0.9269660328562143
1011	0.0007586642910512099	0.9269391586239943
1012	0.000747169377550434	0.9269124748024022
1013	0.000747169377550434	0.9268857319259507
1014	0.000747169377550434	0.926859171857637
1015	0.000735674464049658	0.9268325626245254
1016	0.000735674464049658	0.9268061441675263
1017	0.000735674464049658	0.9267796780654959
1018	0.000735674464049658	0.9267533916731375
1019	0.000735674464049658	0.9267270570712532
1020	0.0007241795505488821	0.9267008960597177
1021	0.0007241795505488821	0.9266746866501536
1022	0.0007126846370481062	0.9266486594261438
1023	0.0007126846370481062	0.9266225710001875
1024	0.0007126846370481062	0.9265966565889056
1025	0.0007011897235473303	0.9265706984229334
1026	0.0007011897235473303	0.9265449159482072
1027	0.0007011897235473303	0.9265190829435026
1028	0.0007011897235473303	0.9264934196486633
1029	0.0007011897235473303	0.9264677268270639
1030	0.0007011897235473303	0.9264421787117263
1031	0.0006896948100465544	0.9264165836900339
1032	0.0006781998965457785	0.9263911520717341
1033	0.0006667049830450026	0.9263656890440854
1034	0.0006667049830450026	0.9263403753765448
1035	0.0006667049830450026	0.9263150962760366
1036	0.0006667049830450026	0.9262899083436247
1037	0.0006667049830450026	0.9262645990970663
1038	0.0006667049830450026	0.926239537245883
1039	0.0006667049830450026	0.926214476581818
1040	0.0006667049830450026	0.9261895413290552
1041	0.0006667049830450026	0.9261645767155975
1042	0.0006667049830450026	0.9261397541109092
1043	0.0006667049830450026	0.9261149093188785
1044	0.0006667049830450026	0.9260901976074828
1045	0.0006667049830450026	0.9260654593774642
1046	0.0006667049830450026	0.9260408489271503
1047	0.0006667049830450026	0.9260162022361983
1048	0.0006667049830450026	0.9259916903741386
1049	0.0006667049830450026	0.925967151947694
1050	0.0006667049830450026	0.9259427500814333
1051	0.0006667049830450026	0.9259183485949984
1052	0.0006667049830450026	0.9258940518269787
1053	0.0006667049830450026	0.9258697534656026
1054	0.0006667049830450026	0.9258455658502265
1055	0.0006667049830450026	0.925821385530353
1056	0.0006667049830450026	0.9257973114424447
1057	0.0006667049830450026	0.9257732300030995
1058	0.0006667049830450026	0.9257492353525204
1059	0.0006667049830450026	0.9257252605937504
1060	0.0006667049830450026	0.9257013817365567
1061	0.0006667049830450026	0.9256774907791162
1062	0.0006667049830450026	0.9256537190833893
1063	0.0006667049830450026	0.925629935791202
1064	0.0006667049830450026	0.9256062546548253
1065	0.0006667049830450026	0.9255825656687301
1066	0.0006667049830450026	0.9255589801129558
1067	0.0006667049830450026	0.9255353871747025
1068	0.0006667049830450026	0.9255118881710729
1069	0.0006667049830450026	0.9254883880914229
1070	0.0006667049830450026	0.9254649607053657
1071	0.0006667049830450026	0.9254415552940513
1072	0.0006667049830450026	0.9254182327556542
1073	0.0006667049830450026	0.9253949315053118
1074	0.0006667049830450026	0.9253716963351473
1075	0.0006667049830450026	0.9253484958609605
1076	0.0006667049830450026	0.9253253523254074
1077	0.0006667049830450026	0.9253022343120922
1078	0.0006667049830450026	0.9252791853967062
1079	0.0006667049830450026	0.9252561822734606
1080	0.0006667049830450026	0.9252332274151017
1081	0.0006667049830450026	0.9252103254344887
1082	0.0006552100695442266	0.9251874634647986
1083	0.0006552100695442266	0.9251646470777207
1084	0.0006552100695442266	0.9251418797081405
1085	0.0006322202425426748	0.92511915442072
1086	0.0006322202425426748	0.9250964690030675
1087	0.0006322202425426748	0.9250738212266589
1088	0.0006322202425426748	0.9250512284736525
1089	0.000620725329041899	0.9250286812507992
1090	0.000620725329041899	0.9250061782240688
1091	0.000620725329041899	0.924983711057846
1092	0.0006092304155411231	0.9249612933328021
1093	0.0005977355020403472	0.9249389347318213
1094	0.0005977355020403472	0.9249166231164583
1095	0.0005977355020403472	0.9248943547974204
1096	0.0005977355020403472	0.9248721294886008
1097	0.0005977355020403472	0.9248499421327881
1098	0.0005977355020403472	0.9248278016291313
1099	0.0005977355020403472	0.9248056998319141
1100	0.0005977355020403472	0.9247836466799704
1101	0.0005862405885395713	0.9247616369066312
1102	0.0005862405885395713	0.9247396653687765
1103	0.0005862405885395713	0.9247177258873238
1104	0.0005862405885395713	0.9246958457744502
1105	0.0005862405885395713	0.9246740123350877
1106	0.0005862405885395713	0.924652221213882
1107	0.0005747456750387954	0.9246304654189299
1108	0.0005747456750387954	0.9246087569413135
1109	0.0005747456750387954	0.9245870880895599
1110	0.0005747456750387954	0.9245654573663221
1111	0.0005747456750387954	0.9245438638446953
1112	0.0005747456750387954	0.9245223055991338
1113	0.0005632507615380194	0.9245007821764342
1114	0.0005632507615380194	0.9244792956110287
1115	0.0005632507615380194	0.924457840852647
1116	0.0005632507615380194	0.9244364305099538
1117	0.0005632507615380194	0.9244150564153938
1118	0.0005632507615380194	0.9243937255338519
1119	0.0005632507615380194	0.9243724330024815
1120	0.0005632507615380194	0.924351171258863
1121	0.0005632507615380194	0.9243299575695293
1122	0.0005632507615380194	0.9243087796726634
1123	0.0005632507615380194	0.9242876388924524
1124	0.0005517558480372435	0.9242665378344488
1125	0.0005517558480372435	0.924245472810801
1126	0.0005517558480372435	0.9242244571604898
1127	0.0005517558480372435	0.9242034798608445
1128	0.0005517558480372435	0.9241825532223327
1129	0.0005517558480372435	0.92416166824537
1130	0.0005402609345364676	0.9241408261930192
1131	0.0005402609345364676	0.9241200210220591
1132	0.0005402609345364676	0.9240992547073419
1133	0.0005402609345364676	0.9240785307126945
1134	0.0005402609345364676	0.9240578443324525
1135	0.0005402609345364676	0.9240372005840184
1136	0.0005402609345364676	0.9240165927440002
1137	0.0005402609345364676	0.9239960188931501
1138	0.0005402609345364676	0.9239754797485568
1139	0.0005287660210356917	0.9239549831230007
1140	0.0005287660210356917	0.9239345221891202
1141	0.0005287660210356917	0.9239141148049295
1142	0.0005287660210356917	0.9238937407343158
1143	0.0005287660210356917	0.9238734014376926
1144	0.0005287660210356917	0.923853097717716
1145	0.0005287660210356917	0.9238328357319655
1146	0.0005287660210356917	0.9238126206749335
1147	0.0005287660210356917	0.9237924515124923
1148	0.0005172711075349158	0.9237723194560007
1149	0.0005172711075349158	0.9237522277393406
1150	0.0005172711075349158	0.9237321692453843
1151	0.0005172711075349158	0.9237121441751242
1152	0.0005172711075349158	0.9236921475535317
1153	0.0005172711075349158	0.9236721900121057
1154	0.0005172711075349158	0.9236522647416223
1155	0.0005172711075349158	0.9236323787750429
1156	0.0005172711075349158	0.9236125247185462
1157	0.0005172711075349158	0.9235927049119176
1158	0.0005172711075349158	0.9235729191082422
1159	0.0005172711075349158	0.923553170199733
1160	0.0005172711075349158	0.9235334577871703
1161	0.0005172711075349158	0.9235137805657077
1162	0.0005172711075349158	0.9234941568922299
1163	0.0005172711075349158	0.9234745667902776
1164	0.0005172711075349158	0.9234550056325705
1165	0.0005172711075349158	0.9234354781498988
1166	0.0005172711075349158	0.9234159893379197
1167	0.0005172711075349158	0.923396530401767
1168	0.0005172711075349158	0.9233770969976369
1169	0.0005172711075349158	0.9233577025741674
1170	0.0005172711075349158	0.9233383405224191
1171	0.0005172711075349158	0.9233190133092679
1172	0.0005172711075349158	0.9232997158554234
1173	0.0005172711075349158	0.9232804506190297
1174	0.0005172711075349158	0.9232612170868774
1175	0.0005172711075349158	0.9232420155332365
1176	0.0005172711075349158	0.9232228359623944
1177	0.0005172711075349158	0.9232036935221051
1178	0.0005172711075349158	0.9231845851045227
1179	0.0005172711075349158	0.9231655075459871
1180	0.0005172711075349158	0.9231464591610131
1181	0.0005172711075349158	0.923127433051475
1182	0.0005172711075349158	0.9231084461248041
1183	0.0005172711075349158	0.923089493302573
1184	0.0005172711075349158	0.923070571736515
1185	0.0005057761940341399	0.9230516803685102
1186	0.0005057761940341399	0.9230328179281841
1187	0.0005057761940341399	0.9230139812056244
1188	0.0005057761940341399	0.9229951687036565
1189	0.0005057761940341399	0.9229763975690426
1190	0.0005057761940341399	0.9229576644566067
1191	0.0005057761940341399	0.9229389635106311
1192	0.0005057761940341399	0.9229202921113754
1193	0.0005057761940341399	0.9229016512712169
1194	0.0005057761940341399	0.9228830460202534
1195	0.0005057761940341399	0.9228644697310446
1196	0.0005057761940341399	0.9228459295689756
1197	0.000494281280533364	0.922827422734447
1198	0.000494281280533364	0.9228089479165557
1199	0.000494281280533364	0.9227905040404099
1200	0.000494281280533364	0.9227720879636196
1201	0.000494281280533364	0.9227537035243847
1202	0.000494281280533364	0.9227353509276147
1203	0.000494281280533364	0.9227170323166007
1204	0.000494281280533364	0.9226987422657732
1205	0.000494281280533364	0.9226804856413242
1206	0.000494281280533364	0.9226622672402566
1207	0.000494281280533364	0.9226440813741449
1208	0.000494281280533364	0.9226259231965617
1209	0.000494281280533364	0.9226077934334547
1210	0.000494281280533364	0.9225896939588586
1211	0.000494281280533364	0.9225716244388044
1212	0.000494281280533364	0.9225535838640891
1213	0.0004827863670325881	0.9225355690579522
1214	0.0004827863670325881	0.922517579255351
1215	0.0004827863670325881	0.9224996218888223
1216	0.0004827863670325881	0.9224816981068433
1217	0.0004827863670325881	0.9224638157131294
1218	0.0004827863670325881	0.9224459577462243
1219	0.0004827863670325881	0.9224281253258434
1220	0.0004827863670325881	0.9224103226086167
1221	0.0004827863670325881	0.9223925455864593
1222	0.0004827863670325881	0.922374789627647
1223	0.0004827863670325881	0.9223570822624985
1224	0.0004827863670325881	0.922339404954473
1225	0.0004827863670325881	0.9223217622176996
1226	0.0004827863670325881	0.922304145912099
1227	0.0004827863670325881	0.9222865569958293
1228	0.0004827863670325881	0.9222689989285444
1229	0.0004712914535318122	0.9222514672801825
1230	0.00042531179952870853	0.9222339688284376
1231	0.00042531179952870853	0.9222164932100667
1232	0.00042531179952870853	0.9221990550641191
1233	0.00042531179952870853	0.9221816483284722
1234	0.00042531179952870853	0.9221642711388671
1235	0.00042531179952870853	0.922146917699202
1236	0.00042531179952870853	0.9221295898512615
1237	0.00042531179952870853	0.9221122817065384
1238	0.00042531179952870853	0.9220950123701785
1239	0.00042531179952870853	0.9220777673570566
1240	0.00042531179952870853	0.9220605603293703
1241	0.00042531179952870853	0.9220433794546925
1242	0.00042531179952870853	0.9220262258065147
1243	0.00042531179952870853	0.9220091018825152
1244	0.00042531179952870853	0.9219920061173396
1245	0.00042531179952870853	0.9219749316719023
1246	0.00042531179952870853	0.9219578854708194
1247	0.00042531179952870853	0.921940864400748
1248	0.00042531179952870853	0.9219238660329733
1249	0.00042531179952870853	0.9219068416032286
1250	0.0004138168860279326	0.9218899090753836
1251	0.0004138168860279326	0.9218729713168383
1252	0.0004138168860279326	0.9218560825419788
1253	0.0004138168860279326	0.921839215186778
1254	0.0004138168860279326	0.9218223780655984
1255	0.0004138168860279326	0.9218055547474658
1256	0.0004138168860279326	0.9217887645729165
1257	0.0004138168860279326	0.9217719852785556
1258	0.0004138168860279326	0.921755233679357
1259	0.0004138168860279326	0.921738502321169
1260	0.0004138168860279326	0.9217217954264104
1261	0.0004138168860279326	0.9217051081118597
1262	0.0004138168860279326	0.9216884453451346
1263	0.0004138168860279326	0.9216718017981347
1264	0.0004138168860279326	0.9216551836978794
1265	0.0004138168860279326	0.921638595063377
1266	0.0004138168860279326	0.9216220383506359
1267	0.0004138168860279326	0.9216055065981686
1268	0.0004138168860279326	0.9215889975827105
1269	0.0004138168860279326	0.9215725108765883
1270	0.0004138168860279326	0.9215560448601348
1271	0.0004138168860279326	0.9215396035072523
1272	0.0004138168860279326	0.9215231823938085
1273	0.0004138168860279326	0.9215067855843337
1274	0.0004138168860279326	0.9214904120786848
1275	0.0004138168860279326	0.9214740591535121
1276	0.0004138168860279326	0.9214577303151089
1277	0.0004138168860279326	0.9214414191985224
1278	0.0004138168860279326	0.921425140027828
1279	0.0004138168860279326	0.9214088846973362
1280	0.0004138168860279326	0.9213926560501687
1281	0.0004138168860279326	0.9213764423165027
1282	0.0004138168860279326	0.9213602675156917
1283	0.0004138168860279326	0.9213441194613455
1284	0.0004138168860279326	0.921327996342116
1285	0.00040232197252715676	0.921311894128773
1286	0.00040232197252715676	0.9212958148166217
1287	0.00040232197252715676	0.9212797590897327
1288	0.00040232197252715676	0.9212637383864605
1289	0.00040232197252715676	0.9212477464698589
1290	0.00040232197252715676	0.9212317803103872
1291	0.00040232197252715676	0.9212158418616524
1292	0.00040232197252715676	0.9211999289173639
1293	0.00040232197252715676	0.9211840383306665
1294	0.00040232197252715676	0.9211681672161078
1295	0.00040232197252715676	0.9211523199728984
1296	0.00040232197252715676	0.9211364940625759
1297	0.00040232197252715676	0.9211206890271247
1298	0.00040232197252715676	0.9211049045271749
1299	0.00040232197252715676	0.9210891402594866
1300	0.00040232197252715676	0.9210733959866565
1301	0.00040232197252715676	0.921057671491969
1302	0.00040232197252715676	0.9210419630473576
1303	0.00040232197252715676	0.9210262788556747
1304	0.00040232197252715676	0.9210106171570758
1305	0.00040232197252715676	0.9209949783020858
1306	0.00040232197252715676	0.9209793558077234
1307	0.00040232197252715676	0.9209637594598761
1308	0.00040232197252715676	0.9209481855868825
1309	0.00040232197252715676	0.9209326335650535
1310	0.00040232197252715676	0.9209171029972116
1311	0.00040232197252715676	0.920901593088196
1312	0.00040232197252715676	0.9208860988642545
1313	0.00040232197252715676	0.9208706314145131
1314	0.00040232197252715676	0.9208551849389266
1315	0.00040232197252715676	0.9208397580446217
1316	0.00040232197252715676	0.9208243415759441
1317	0.00040232197252715676	0.9208089556886956
1318	0.00040232197252715676	0.9207935853878464
1319	0.00040232197252715676	0.9207782350855896
1320	0.00040232197252715676	0.9207629001048214
1321	0.00040232197252715676	0.920747588389602
1322	0.00040232197252715676	0.9207322973170655
1323	0.00040232197252715676	0.9207170263959046
1324	0.00040232197252715676	0.9207017724209354
1325	0.00040232197252715676	0.9206865363293495
1326	0.00040232197252715676	0.9206713241825744
1327	0.00040232197252715676	0.9206561314930966
1328	0.00040232197252715676	0.9206409554154751
1329	0.00040232197252715676	0.9206257989579826
1330	0.00040232197252715676	0.9206106559271913
1331	0.00040232197252715676	0.9205955407259212
1332	0.00039082705902638085	0.9205804449518801
1333	0.00039082705902638085	0.9205653240246681
1334	0.00039082705902638085	0.9205502663155516
1335	0.00039082705902638085	0.920535224488558
1336	0.00039082705902638085	0.920520204967811
1337	0.00039082705902638085	0.9205052076692732
1338	0.00039082705902638085	0.9204902307405859
1339	0.00039082705902638085	0.9204752746146266
1340	0.00039082705902638085	0.9204603369122546
1341	0.00039082705902638085	0.9204454179314893
1342	0.00039082705902638085	0.9204305123557467
1343	0.00039082705902638085	0.9204156251843496
1344	0.00039082705902638085	0.9204007596233745
1345	0.00039082705902638085	0.9203859151232293
1346	0.00037933214552560493	0.9203710833344476
1347	0.00037933214552560493	0.9203562856818515
1348	0.00037933214552560493	0.9203415113177819
1349	0.00037933214552560493	0.9203267583423036
1350	0.00037933214552560493	0.920312023398023
1351	0.00037933214552560493	0.920297309488971
1352	0.00037933214552560493	0.9202826138177052
1353	0.00037933214552560493	0.9202679325559158
1354	0.00037933214552560493	0.9202532820011724
1355	0.00037933214552560493	0.9202386565644389
1356	0.00037933214552560493	0.920224057792962
1357	0.00037933214552560493	0.92020947884167
1358	0.00037933214552560493	0.9201949290139659
1359	0.00037933214552560493	0.9201803956104213
1360	0.00037933214552560493	0.9201658951441166
1361	0.00037933214552560493	0.9201514191931518
1362	0.00037933214552560493	0.9201369647859071
1363	0.000367837232024829	0.9201225303211991
1364	0.000367837232024829	0.9201081134732667
1365	0.000367837232024829	0.9200937171824031
1366	0.000367837232024829	0.9200793418131873
1367	0.000367837232024829	0.9200649900700877
1368	0.000367837232024829	0.920050658098161
1369	0.000367837232024829	0.9200363433979686
1370	0.000367837232024829	0.9200220474071635
1371	0.000367837232024829	0.9200077696103236
1372	0.000367837232024829	0.9199935151145178
1373	0.000367837232024829	0.919979280806132
1374	0.000367837232024829	0.9199650651358846
1375	0.000367837232024829	0.9199508672908212
1376	0.000367837232024829	0.9199366835062462
1377	0.000367837232024829	0.9199225216470127
1378	0.000367837232024829	0.9199083784703516
1379	0.000367837232024829	0.9198942532784602
1380	0.000367837232024829	0.9198801459578694
1381	0.000367837232024829	0.9198660550377746
1382	0.000367837232024829	0.9198519822049653
1383	0.000367837232024829	0.9198379214280119
1384	0.000367837232024829	0.9198238849085068
1385	0.000367837232024829	0.9198098720394506
1386	0.000367837232024829	0.9197958790147693
1387	0.000367837232024829	0.919781904489248
1388	0.000367837232024829	0.9197679478631847
1389	0.000367837232024829	0.9197540088512035
1390	0.000367837232024829	0.9197400826290171
1391	0.000367837232024829	0.9197261768936162
1392	0.000367837232024829	0.9197122839117892
1393	0.000367837232024829	0.9196984193029917
1394	0.000367837232024829	0.9196845680511259
1395	0.000367837232024829	0.9196707350080946
1396	0.000367837232024829	0.9196569189219154
1397	0.000367837232024829	0.9196431160700979
1398	0.000367837232024829	0.9196293348605498
1399	0.000367837232024829	0.9196155736328115
1400	0.000367837232024829	0.9196018352199569
1401	0.000367837232024829	0.9195881122657817
1402	0.000367837232024829	0.9195744112458868
1403	0.000367837232024829	0.9195607287847768
1404	0.000367837232024829	0.9195470599968733
1405	0.000367837232024829	0.9195334126042807
1406	0.000367837232024829	0.9195197835170391
1407	0.000367837232024829	0.9195061716395638
1408	0.000367837232024829	0.9194925764740202
1409	0.000367837232024829	0.9194789976855032
1410	0.000367837232024829	0.9194654346812037
1411	0.000367837232024829	0.9194518872816477
1412	0.000367837232024829	0.9194383561666276
1413	0.000367837232024829	0.9194248413740733
1414	0.0003563423185240531	0.9194113432030597
1415	0.0003563423185240531	0.9193978662316505
1416	0.0003563423185240531	0.919384412365592
1417	0.0003563423185240531	0.9193709730953997
1418	0.0003563423185240531	0.9193575511737705
1419	0.0003563423185240531	0.9193441477063304
1420	0.0003563423185240531	0.9193307608795653
1421	0.0003563423185240531	0.9193173916181062
1422	0.0003563423185240531	0.9193040392597966
1423	0.0003563423185240531	0.9192907033083418
1424	0.0003563423185240531	0.9192773832754778
1425	0.0003563423185240531	0.9192640787311437
1426	0.0003563423185240531	0.9192507894151722
1427	0.0003563423185240531	0.9192375151125026
1428	0.0003563423185240531	0.9192242555128708
1429	0.0003563423185240531	0.9192110105393582
1430	0.0003563423185240531	0.919197779022747
1431	0.0003448474050232772	0.9191845644774259
1432	0.0003448474050232772	0.9191713655864341
1433	0.0003448474050232772	0.9191581817452525
1434	0.0003448474050232772	0.9191450126287866
1435	0.0003448474050232772	0.9191318553802583
1436	0.0003448474050232772	0.9191187178274903
1437	0.0003448474050232772	0.9191055885355011
1438	0.0003448474050232772	0.9190924797643125
1439	0.0003448474050232772	0.9190793874082059
1440	0.0003448474050232772	0.9190663105511848
1441	0.0003448474050232772	0.9190532490606066
1442	0.0003448474050232772	0.9190402029764051
1443	0.0003448474050232772	0.91902717201935
1444	0.0003448474050232772	0.9190141543971925
1445	0.0003448474050232772	0.9190011529527881
1446	0.0003448474050232772	0.9189881672584935
1447	0.0003448474050232772	0.9189751969683615
1448	0.0003448474050232772	0.9189622410114927
1449	0.0003448474050232772	0.9189492981684365
1450	0.0003448474050232772	0.9189363738254219
1451	0.0003448474050232772	0.9189234662193247
1452	0.0003448474050232772	0.9189105730200977
1453	0.0003448474050232772	0.9188976897237205
1454	0.0003448474050232772	0.9188848268043063
1455	0.0003448474050232772	0.9188719750424913
1456	0.0003333524915225013	0.9188591367629289
1457	0.0003333524915225013	0.9188463199315485
1458	0.0003333524915225013	0.9188335193433522
1459	0.0003333524915225013	0.9188207332054098
1460	0.0003333524915225013	0.918807960780028
1461	0.0003333524915225013	0.9187951997427368
1462	0.0003333524915225013	0.9187824532142752
1463	0.0003333524915225013	0.9187697203752173
1464	0.0003333524915225013	0.9187569990639073
1465	0.0003333524915225013	0.9187442933369241
1466	0.0003333524915225013	0.9187316033886329
1467	0.0003333524915225013	0.9187189289317982
1468	0.0003333524915225013	0.9187062691737916
1469	0.0003333524915225013	0.9186936237724665
1470	0.0003333524915225013	0.9186809923644678
1471	0.0003333524915225013	0.9186683745193043
1472	0.0003333524915225013	0.9186557712576886
1473	0.0003333524915225013	0.9186431825241936
1474	0.0003333524915225013	0.9186306038019528
1475	0.0003333524915225013	0.9186180420358501
1476	0.0003333524915225013	0.9186054966709242
1477	0.0003333524915225013	0.918592965891155
1478	0.0003333524915225013	0.9185804488235875
1479	0.0003333524915225013	0.9185679447392583
1480	0.0003333524915225013	0.9185554532482929
1481	0.0003333524915225013	0.9185429741339053
1482	0.0003333524915225013	0.918530505716922
1483	0.0003333524915225013	0.9185180511845654
1484	0.0003333524915225013	0.9185056088917011
1485	0.0003333524915225013	0.9184931788479636
1486	0.0003333524915225013	0.9184807580968704
1487	0.0003333524915225013	0.9184683511038665
1488	0.00032185757802172536	0.9184559571811424
1489	0.00032185757802172536	0.9184435750320945
1490	0.00032185757802172536	0.9184312060308365
1491	0.00032185757802172536	0.918418847052274
1492	0.00032185757802172536	0.9184065005889794
1493	0.00032185757802172536	0.9183941689439276
1494	0.00032185757802172536	0.9183818509727024
1495	0.00032185757802172536	0.9183695460123158
1496	0.00032185757802172536	0.9183572536565511
1497	0.00032185757802172536	0.9183449736472972
1498	0.00032185757802172536	0.9183327058151132
1499	0.00032185757802172536	0.9183204486714218
1500	0.00032185757802172536	0.9183082011657632
1501	0.00032185757802172536	0.9182959694898704
1502	0.00032185757802172536	0.9182837469850265
1503	0.00032185757802172536	0.918271541771006
1504	0.00032185757802172536	0.9182593540749674
1505	0.00032185757802172536	0.9182471767984736
1506	0.00032185757802172536	0.918235013667981
1507	0.00032185757802172536	0.9182228612288846
1508	0.00032185757802172536	0.9182107160007218
1509	0.00032185757802172536	0.9181985890304866
1510	0.00032185757802172536	0.918186470103063
1511	0.00032185757802172536	0.9181743698097405
1512	0.00032185757802172536	0.9181622839238263
1513	0.00032185757802172536	0.9181502111104403
1514	0.00032185757802172536	0.918138150910815
1515	0.00032185757802172536	0.9181260997983999
1516	0.00032185757802172536	0.9181140488519265
1517	0.00032185757802172536	0.9181020394040276
1518	0.0003103626645209495	0.9180900423008926
1519	0.0003103626645209495	0.9180780558918257
1520	0.0003103626645209495	0.9180660828149736
1521	0.0003103626645209495	0.9180541210032696
1522	0.0003103626645209495	0.9180421703889818
1523	0.0003103626645209495	0.9180302356156623
1524	0.0003103626645209495	0.9180183082172492
1525	0.0003103626645209495	0.918006399681107
1526	0.0003103626645209495	0.9179944978401425
1527	0.0003103626645209495	0.9179826126168497
1528	0.0003103626645209495	0.9179707360610448
1529	0.0003103626645209495	0.9179588730501373
1530	0.0003103626645209495	0.9179470195201498
1531	0.0003103626645209495	0.9179351782435259
1532	0.0003103626645209495	0.9179233496306273
1533	0.0003103626645209495	0.9179115344424255
1534	0.0003103626645209495	0.9178997307101479
1535	0.0003103626645209495	0.9178879616884741
1536	0.0003103626645209495	0.9178761842957278
1537	0.0003103626645209495	0.9178644315631751
1538	0.0003103626645209495	0.9178526858932483
1539	0.0003103626645209495	0.917840957878029
1540	0.0003103626645209495	0.9178292391173851
1541	0.0003103626645209495	0.9178175348686488
1542	0.0003103626645209495	0.9178058431904489
1543	0.0003103626645209495	0.9177941628286791
1544	0.0003103626645209495	0.917782494287956
1545	0.0003103626645209495	0.9177708377599928
1546	0.0003103626645209495	0.9177591934841373
1547	0.0003103626645209495	0.9177475615264465
1548	0.0003103626645209495	0.917735941347644
1549	0.0003103626645209495	0.9177243329100947
1550	0.0003103626645209495	0.9177127361597625
1551	0.0003103626645209495	0.9177011501079511
1552	0.0003103626645209495	0.9176895755470373
1553	0.0003103626645209495	0.9176780127136931
1554	0.0003103626645209495	0.9176664605043503
1555	0.0003103626645209495	0.9176549189140331
1556	0.0003103626645209495	0.9176433909020562
1557	0.0003103626645209495	0.9176318751292407
1558	0.0003103626645209495	0.9176203706762691
1559	0.0003103626645209495	0.9176088743464983
1560	0.0003103626645209495	0.9175973958806959
1561	0.0003103626645209495	0.9175859312536045
1562	0.0002988677510201736	0.9175744789755806
1563	0.0002988677510201736	0.9175630351572398
1564	0.0002873728375193977	0.9175516034162485
1565	0.0002873728375193977	0.9175401834756466
1566	0.0002873728375193977	0.9175287777093709
1567	0.0002873728375193977	0.9175173847803347
1568	0.0002873728375193977	0.9175060000312589
1569	0.0002873728375193977	0.9174946321235135
1570	0.0002873728375193977	0.9174832769011035
1571	0.0002873728375193977	0.9174719330846334
1572	0.0002873728375193977	0.9174606001058746
1573	0.0002873728375193977	0.9174492777199531
1574	0.0002873728375193977	0.9174379616735961
1575	0.0002873728375193977	0.917426659660704
1576	0.0002873728375193977	0.9174153714391273
1577	0.0002873728375193977	0.9174040957595049
1578	0.0002873728375193977	0.9173928315927976
1579	0.0002873728375193977	0.9173815783402555
1580	0.0002873728375193977	0.9173703356723438
1581	0.0002873728375193977	0.9173591009733723
1582	0.0002873728375193977	0.9173478783126439
1583	0.0002873728375193977	0.9173366678121083
1584	0.0002873728375193977	0.917325468538291
1585	0.0002873728375193977	0.917314277327919
1586	0.0002873728375193977	0.9173031018819496
1587	0.0002873728375193977	0.9172919394847319
1588	0.0002873728375193977	0.9172807878067414
1589	0.0002873728375193977	0.9172696488094393
1590	0.0002873728375193977	0.9172585215937435
1591	0.0002873728375193977	0.9172474056106117
1592	0.0002873728375193977	0.9172362962517042
1593	0.0002873728375193977	0.9172251979599433
1594	0.0002873728375193977	0.917214118243497
1595	0.0002873728375193977	0.9172030499325798
1596	0.0002873728375193977	0.9171919922008901
1597	0.0002873728375193977	0.9171809448657253
1598	0.0002873728375193977	0.9171699047516333
1599	0.0002873728375193977	0.9171588782207193
1600	0.0002873728375193977	0.9171478562349308
1601	0.0002873728375193977	0.9171368519379663
1602	0.0002873728375193977	0.9171258558881223
1603	0.0002873728375193977	0.9171148749267416
1604	0.0002873728375193977	0.9171039102800829
1605	0.0002873728375193977	0.9170929609191478
1606	0.0002873728375193977	0.9170820245223784
1607	0.0002873728375193977	0.9170710987610818
1608	0.0002873728375193977	0.9170601825864372
1609	0.0002873728375193977	0.9170492785296032
1610	0.0002873728375193977	0.9170383845947023
1611	0.0002873728375193977	0.9170275019641175
1612	0.0002873728375193977	0.9170166303723846
1613	0.0002873728375193977	0.9170057704122605
1614	0.0002873728375193977	0.9169949223749784
1615	0.0002873728375193977	0.9169840860520914
1616	0.0002873728375193977	0.9169732592719264
1617	0.0002873728375193977	0.9169624436965454
1618	0.0002873728375193977	0.9169516389661763
1619	0.0002873728375193977	0.916940844750297
1620	0.0002873728375193977	0.9169300579787413
1621	0.0002873728375193977	0.9169192749540268
1622	0.0002873728375193977	0.9169085372310453
1623	0.0002873728375193977	0.9168977749740308
1624	0.0002873728375193977	0.9168870468099595
1625	0.0002873728375193977	0.9168763148340294
1626	0.0002873728375193977	0.9168655987349829
1627	0.0002873728375193977	0.9168548895558178
1628	0.0002873728375193977	0.9168441909770255
1629	0.0002873728375193977	0.9168334989616881
1630	0.0002873728375193977	0.9168228161217024
1631	0.0002873728375193977	0.9168121468495839
1632	0.007759066613023737	0.9168014894276147
